770947109358046 | 
2369869513466388 | 
2804724983191821 | 
1314589827098155 | 
1929968897901263 | 
1642347493421335 | 
1446118467308455 | 
1556669158934066 | 
1475624394227104 | 
1879917269333086 | 
920205207339438 | 
867711232853709 | 
901968229304849 | 
1769329867038990 | 
2315757278836694 | 
1165437515671071 | 
1271973288326364 | 
1791418434863870 | 
2518859758515780 | 
4693085324252757 | 
797163553411875 | 
1236509638663385 | 
1941712680558162 | 
1558870108655512 | 
1444532577366084 | 
870028959537080 | 
939166195109125 | 
1623124562236601 | 
883051988024420 | 
2006917526895117 | 
2705340643176065 | 
1521206925845678 | 
2158892131597963 | 
935734328804564 | 
887408720500750 | 
25574529505539066 | 
2020631621852863 | 
1289411963049929 | 
907150861766462 | 
1097374689182100 | 
1542583123512279 | 
25145693278440179 | 
1916632289239609 | 
1837197440178040 | 
2225847908224396 | 
1727217562048250 | 
937899295564546 | 
1262685622383769 | 
2236187013451644 | 
1423838875682850 | 
793595463243943 | 
1619890109004058 | 
1863166037640767 | 
1964984064412708 | 
1200836635458281 | 
1945740229626315 | 
903159375701287 | 
4396162877339693 | 
1606703963804618 | 
1227706059476079 | 
1778811570198194 | 
954153716940889 | 
1441549874013929 | 
1325309672957159 | 
2130063541064751 | 
920401337264898 | 
2449261825491701 | 
911786804671108 | 
1827775187932798 | 
975507441804527 | 
1832690747510617 | 
1788676681816380 | 
896631243056478 | 
774598068703212 | 
2366355037214823 | 
1991854908341207 | 
2128109434691666 | 
1495160228642941 | 
3758850840918510 | 
4342927725980088 | 
1365550608928523 | 
1869846787039136 | 
25567316909627812 | 
3160258887487906 | 
1459801289183202 | 
1674042563973313 | 
913341921676609 | 
928725766312498 | 
900979826439725 | 
947984107902909 | 
2008967476691975 | 
1286722516670803 | 
1930164994560261 | 
2039538643256952 | 
1253679980155555 | 
1496926248042306 | 
1174139471315748 | 
1311167517500588 | 
894302193379719 | 
3828574537276808 | 
1649893433109679 | 
2030364640860910 | 
1722530585384922 | 
679144928578333 | 
951364910567174 | 
1454323289556628 | 
1450725413500302 | 
1532695901292733 | 
913802044685294 | 
1964741227483769 | 
923383743945795 | 
25889104927390760 | 
1470896701095539 | 
1566756564587129 | 
1058737923112017 | 
1568269390992844 | 
25934033252924524 | 
4459182844327637 | 
775580018588231 | 
2813899635653067 | 
1481913117062040 | 
4398120047073142 | 
1966843634261770 | 
1601045501133944 | 
923122626746749 | 
1541075507007178 | 
3352531458244395 | 
952693900655342 | 
905704818608860 | 
1208161848049826 | 
1246541167448542 | 
1377194497424556 | 
1478069893893013 | 
1341413661349093 | 
1430442565209165 | 
892324327105779 | 
1568196514295012 | 
1248612296762361 | 
3073917496125809 | 
767127252485224 | 
886724964111246 | 
1438805297792952 | 
1403660417734921 | 
2872660232929837 | 
831745619914295 | 
1482419660258119 | 
926795670078732 | 
802409105599348 | 
2240671393128134 | 
3402687699895738 | 
1679971663433169 | 
1673945626939310 | 
1306150694785431 | 
1639885817221003 | 
4184039461848619 | 
927684553595889 | 
960965549712061 | 
26463751823258473 | 
1656483945702546 | 
1693213475372996 | 
1412055844028391 | 
1226412932812462 | 
949815487530629 | 
937256792088627 | 
947610261049119 | 
1678346290277932 | 
2035368863856835 | 
921321840701144 | 
1123864944138696 | 
2369305410159886 | 
900805026289948 | 
2811735079159340 | 
822005996958653 | 
1538343084324731 | 
3070368003155473 | 
955118794039047 | 
2162330081237061 | 
1887952848526310 | 
1857157401667659 | 
1451502849800928 | 
26531881539780639 | 
2150313432446596 | 
3305669342936266 | 
1899285570712899 | 
935064512594324 | 
1486997773211219 | 
2811235009217399 | 
942900638153003 | 
1641344786894796 | 
713491735120039 | 
1484499560048443 | 
1706563833998002 | 
2212468339291169 | 
1527557835634047 | 
2102659983926904 | 
943727001970357 | 
4126847157459008 | 
737990006006555 | 
2299976743861531 | 
1292397956411257 | 
1304037478525955 | 
1365656472059826 | 
2037428310202434 | 
1272750501510130 | 
4431800020410658 | 
1774440589934700 | 
1468887847968686 | 
1653966785823375 | 
1346385397332860 | 
1477903341047573 | 
887783080990430 | 
1989230771685015 | 
2465180803911055 | 
1455207085918802 | 
950074788003106 | 
35283600494617564 | 
1293375586074811 | 
968373472354038 | 
963422523216521 | 
1269651338485985 | 
965331869430139 | 
1509957020477640 | 
1592491598520864 | 
1476993253980314 | 
938171832350777 | 
1702890610908677 | 
975132291694987 | 
1004154595506958 | 
4753550818205485 | 
2750479778671218 | 
1589784392489135 | 
2138214773694268 | 
997509529475410 | 
2774756059564505 | 
1674414660257310 | 
981784744355724 | 
1683132889392939 | 
1268316452084937 | 
1636627760956491 | 
1669744624171514 | 
1446611924176855 | 
1674899493632314 | 
958256983835802 | 
26798259776525595 | 
1486500789837905 | 
1631542594587233 | 
2850235361984631 | 
2180058046160251 | 
1384314630129316 | 
1664942614934913 | 
836076959148475 | 
1332326685425699 | 
26756832817298936 | 
999165999289612 | 
1669828744112001 | 
940901755495139 | 
1538651937689849 | 
983438520824672 | 
1349546940405461 | 
1513366783489094 | 
894889403565593 | 
862489953002606 | 
995463413028707 | 
984889287427217 | 
1519320213312288 | 
990762546771716 | 
2387438951759364 | 
973081018466857 | 
2363826044110277 | 
2025978321626645 | 
3976520625989227 | 
1352796676754700 | 
1872976300035828 | 
1673031343814049 | 
1474320217507532 | 
27601807356091602 | 
942088991976475 | 
1149340087324314 | 
984797201172821 | 
2107326010661812 | 
1865361894137130 | 
2040781646850393 | 
1623761105593321 | 
1489934939497581 | 
2023492391912333 | 
792996193690293 | 
2097360830997267 | 
869359712129475 | 
1219255466864033 | 
1655577182354190 | 
2454832901657763 | 
965794516180077 | 
2420969288382337 | 
2208607943289060 | 
1341647654545933 | 
1888699155176939 | 
1691662751844333 | 
982808438015396 | 
1695859651421332 | 
2676077686096783 | 
1403677065129893 | 
1469423087605703 | 
1994026437921266 | 
1631337814611531 | 
1945646852782058 | 
973886582077009 | 
964961409786607 | 
1985674208746644 | 
2083100442247733 | 
1349368210388707 | 
2497207130732817 | 
1010986821600682 | 
1585835836298961 | 
1592243988537846 | 
1720904785577800 | 
1680137349696080 | 
