2369869513466388 | 
1929968897901263 | 
1446118467308455 | 
1879917269333086 | 
867711232853709 | 
901968229304849 | 
2315757278836694 | 
1769329867038990 | 
2518859758515780 | 
797163553411875 | 
1236509638663385 | 
1444532577366084 | 
2006917526895117 | 
907150861766462 | 
1727217562048250 | 
1262685622383769 | 
903159375701287 | 
954153716940889 | 
2449261825491701 | 
911786804671108 | 
1832690747510617 | 
25567316909627812 | 
1930164994560261 | 
1286722516670803 | 
1253679980155555 | 
947984107902909 | 
1674042563973313 | 
1174139471315748 | 
1496926248042306 | 
1649893433109679 | 
679144928578333 | 
2039538643256952 | 
1532695901292733 | 
25889104927390760 | 
25934033252924524 | 
775580018588231 | 
1058737923112017 | 
4398120047073142 | 
1964984064412708 | 
1495160228642941 | 
923122626746749 | 
952693900655342 | 
905704818608860 | 
3352531458244395 | 
1377194497424556 | 
1430442565209165 | 
767127252485224 | 
1869846787039136 | 
2872660232929837 | 
1438805297792952 | 
3073917496125809 | 
1482419660258119 | 
1618992089459540 | 
886724964111246 | 
831745619914295 | 
1604003110743866 | 
802409105599348 | 
3402687699895738 | 
1679971663433169 | 
1441549874013929 | 
2008967476691975 | 
1601045501133944 | 
1541075507007178 | 
1289411963049929 | 
927684553595889 | 
1656483945702546 | 
1478069893893013 | 
947610261049119 | 
2369305410159886 | 
1106442658333878 | 
2811735079159340 | 
2162330081237061 | 
1887952848526310 | 
26531881539780639 | 
3305669342936266 | 
2811235009217399 | 
1641344786894796 | 
1527557835634047 | 
2102659983926904 | 
943727001970357 | 
4126847157459008 | 
737990006006555 | 
1304037478525955 | 
1365656472059826 | 
2037428310202434 | 
1272750501510130 | 
2465180803911055 | 
1269651338485985 | 
965331869430139 | 
1476993253980314 | 
2750479778671218 | 
1589784392489135 | 
2138214773694268 | 
2774756059564505 | 
1674414660257310 | 
1683132889392939 | 
958256983835802 | 
1486500789837905 | 
2850235361984631 | 
1384314630129316 | 
836076959148475 | 
1332326685425699 | 
1669828744112001 | 
940901755495139 | 
1538651937689849 | 
894889403565593 | 
862489953002606 | 
995463413028707 | 
1519320213312288 | 
990762546771716 | 
2387438951759364 | 
2363826044110277 | 
2025978321626645 | 
3976520625989227 | 
1352796676754700 | 
1872976300035828 | 
1673031343814049 | 
942088991976475 | 
1932581774811436 | 
984797201172821 | 
2040781646850393 | 
1623761105593321 | 
2023492391912333 | 
792996193690293 | 
869359712129475 | 
1219255466864033 | 
1655577182354190 | 
2454832901657763 | 
965794516180077 | 
2001088827947966 | 
2208607943289060 | 
1341647654545933 | 
1691662751844333 | 
2676077686096783 | 
1403677065129893 | 
1469423087605703 | 
1631337814611531 | 
1945646852782058 | 
973886582077009 | 
964961409786607 | 
1985674208746644 | 
1349368210388707 | 
2497207130732817 | 
1585835836298961 | 
2012372289648387 | 
1680137349696080 | 
