25438637609126425 | 
1231575415798855 | 
2648903902123290 | 
1200909998543311 | 
750222401493633 | 
743673351382232 | 
9471228069664918 | 
704185795567904 | 
1343355047457974 | 
1444215626897580 | 
4055253544716753 | 
2039575556612673 | 
4136542796614532 | 
1184281586577822 | 
1222940592434662 | 
1931931224102349 | 
778244804932449 | 
4278994065763077 | 
1630732787951551 | 
1067968941534466 | 
1197021939031670 | 
971075845109719 | 
746083728452876 | 
25325654530420828 | 
1352943675807159 | 
831052969836628 | 
778036251389881 | 
736599705549080 | 
1274202114050937 | 
751374764029872 | 
1572125103978292 | 
900881722877643 | 
3584077858397971 | 
862764862978373 | 
778623668367979 | 
1034859712066464 | 
1459845458677205 | 
1630062648338561 | 
755426757144291 | 
1753115245595537 | 
1281790340300128 | 
2451074352014258 | 
754034721018802 | 
1027970139393705 | 
2047448396008486 | 
1235905268016482 | 
1020493126173803 | 
1590997292171925 | 
766475852479505 | 
935599392218785 | 
1326561872852519 | 
996742522612080 | 
4477919099102133 | 
1586403332316310 | 
2181570992668145 | 
1323113812843140 | 
807861039045936 | 
1062819765659412 | 
1128728762635474 | 
25549544991398081 | 
1607925780353385 | 
1087032746686756 | 
813116224435440 | 
1219451473269886 | 
4357491347813942 | 
1476491920198112 | 
809825095322377 | 
1074183611338330 | 
715566171345256 | 
3657042201100963 | 
24534619396222133 | 
1594971824903650 | 
1715541452419918 | 
1467999657583520 | 
1444825407008130 | 
1316439999982256 | 
731016433439076 | 
1851035598787675 | 
788538654241950 | 
804602302374008 | 
1824890461737941 | 
1855660928491725 | 
1027276056240821 | 
23936002529395078 | 
1436389734756170 | 
1863133507624869 | 
1145433010888293 | 
815728774205899 | 
913884947973637 | 
1242999731229045 | 
1219252153692904 | 
1723900464964575 | 
1506668496975612 | 
1460962431640216 | 
712799984941796 | 
1098279278737084 | 
828317956382264 | 
3646827788781610 | 
724654123639868 | 
1936532770543654 | 
4216744368598339 | 
1447729070383753 | 
1910434539894459 | 
1507921993868238 | 
1865065010821323 | 
1212240767616114 | 
732907289331993 | 
898485862887748 | 
1583710616110884 | 
911159581300994 | 
4181580262085800 | 
924003117159493 | 
934458945774646 | 
756037584117835 | 
1269151648356975 | 
662497440234324 | 
1513243550107336 | 
24070102172599924 | 
697294392976454 | 
1919187435550430 | 
1331446888386643 | 
786878103677685 | 
759578056453877 | 
2475353472843491 | 
2195261391218659 | 
1288812622745498 | 
2527447424261215 | 
1192835819516787 | 
1348166290310476 | 
1187803635942972 | 
1520298795970563 | 
752359244347025 | 
1457809692620133 | 
4270334433251251 | 
1804572527138452 | 
1379387640320198 | 
849734474535141 | 
627812463725902 | 
2131309510669822 | 
718184894320069 | 
791619590087681 | 
1534651171708193 | 
1262558252124153 | 
1506427407037323 | 
722150664129869 | 
1423840002534228 | 
1295596215673267 | 
820817436938600 | 
24324290883920881 | 
1300790715170372 | 
1328298392680671 | 
1475359186988968 | 
4307647519507004 | 
714648721374158 | 
1451545199193312 | 
1994147528065592 | 
2004439033461979 | 
1823827579012613 | 
24288649447484153 | 
1596507968286540 | 
443412488835123 | 
1874312890627262 | 
1423449179222710 | 
1618625039332403 | 
1163260885784049 | 
1353371262866572 | 
1672062060185016 | 
1402683877764785 | 
1918655629529132 | 
1251678597143825 | 
624174237352880 | 
25961600210158061 | 
625004874005379 | 
1183790963781238 | 
1239883617613322 | 
697039486247048 | 
1947760539167342 | 
1763589307635291 | 
1210317337233850 | 
594439097049195 | 
1410476240786286 | 
636292328800083 | 
849405727409665 | 
1621918295598172 | 
1503316067520247 | 
917546377434992 | 
1627676801573462 | 
2902586799948577 | 
1686577012038203 | 
783501808075288 | 
1879399372955542 | 
1287538066417519 | 
1800652340855219 | 
2168245637314884 | 
1107430237526032 | 
786158453843909 | 
1293246532562125 | 
1394310592044051 | 
910510368325056 | 
1950182662569815 | 
1921717821791090 | 
1430263378218524 | 
832551729127133 | 
780825187789711 | 
1449157266313174 | 
1798888357732981 | 
759808650519656 | 
2002164063921566 | 
1579374979841810 | 
1355748209579994 | 
1104587525147477 | 
2042472776545682 | 
1795614164479838 | 
24189356014082476 | 
1040048144529075 | 
2936072673241319 | 
31185923901052252 | 
1282669530074386 | 
1439055987569000 | 
2189112151574934 | 
741305335230120 | 
1477511233342266 | 
1585623282572063 | 
3111202765755575 | 
767291422425436 | 
801982676095660 | 
24454496744155496 | 
1066403262333027 | 
1551186446262225 | 
630753850080177 | 
1561687524922147 | 
1253967146054757 | 
1682672215730182 | 
2388936168168578 | 
1552973966112986 | 
1209197894384569 | 
1190004109622501 | 
837032345439331 | 
765200829852017 | 
1291756705488673 | 
1235479791108284 | 
1517273449303016 | 
529775890124833 | 
1651757119571940 | 
1979857426137075 | 
925956590381283 | 
1433922931624452 | 
693080053295792 | 
594410713715474 | 
1322614609456848 | 
832886453006456 | 
706613822437737 | 
1829388551019692 | 
2855564801311515 | 
1325992885566508 | 
2224763378043513 | 
1139803131514697 | 
1567115381000790 | 
1144797424392005 | 
3394005400784113 | 
2091776881594690 | 
1361915932203860 | 
1589910908733249 | 
1016418433623522 | 
1085681633525400 | 
1759271821412953 | 
1309984164291619 | 
2241696852917531 | 
1122468289843304 | 
1915025642416794 | 
715119931381052 | 
1812063869417557 | 
601918266131853 | 
4343211876003039 | 
2539134199787821 | 
717460620910109 | 
4257633684504877 | 
1293542485388078 | 
743638808380989 | 
1466048738143210 | 
1717150278905064 | 
689311944245325 | 
1820531908591111 | 
1305776861247517 | 
2812938778899420 | 
1755716748410688 | 
1182494027329201 | 
1086245577044360 | 
638440752592877 | 
25090179333949645 | 
1139698018021847 | 
997656715735501 | 
9254500824675048 | 
892999249865136 | 
833618409127216 | 
1406632527824027 | 
3929031334076321 | 
9339292916194277 | 
1434805281145360 | 
1330839028650058 | 
24005790115769824 | 
743487564720013 | 
1561053361973427 | 
678241278601034 | 
1291884365977031 | 
822929233478596 | 
1049317673555951 | 
1285867479608186 | 
1621345829158037 | 
766323616058396 | 
619089641169865 | 
4192640324334510 | 
1136853155045985 | 
2044886586042058 | 
983817457203802 | 
1887507442129359 | 
1689914041722914 | 
2481110888957300 | 
4023883687862490 | 
616707691466121 | 
26078627975096929 | 
1226377095993353 | 
721728310993328 | 
1057051489670076 | 
32570168679295015 | 
737195842454875 | 
916506577593820 | 
2313697649146675 | 
1850184329243851 | 
876651555312518 | 
1164406662520675 | 
1345365887155938 | 
1388980832357368 | 
2464092947307548 | 
1276783994466044 | 
3006448779742637 | 
1844052069658144 | 
1317640799712613 | 
1366170828888192 | 
614923418148785 | 
815746534267210 | 
1838940020188896 | 
2087303932039900 | 
652881127341784 | 
1397227821816418 | 
798032576045877 | 
2182341482263420 | 
1284939386535718 | 
1332745651940901 | 
896671716685133 | 
1542147113577792 | 
2065555717514428 | 
750978960967872 | 
2135881456920984 | 
1461410271949819 | 
1276787524045755 | 
884005867303287 | 
1135465691780325 | 
1291522042516745 | 
1353615719530523 | 
1527693921705436 | 
1950018095849477 | 
1212126287458431 | 
1357483285597768 | 
1508820406862180 | 
1517683522921211 | 
1286845769645135 | 
810955984834795 | 
1288081622868336 | 
1798640834193179 | 
2141130623308768 | 
1925267478873972 | 
781560834330319 | 
755914500634682 | 
787798480999890 | 
918426134209947 | 
796567276276931 | 
909041875063514 | 
1448904183315083 | 
859694423166237 | 
793358139840664 | 
2165642173923156 | 
1825864857998971 | 
2385744851856727 | 
1071161618564614 | 
872046722360382 | 
1488232375544868 | 
1335069675109666 | 
925409693054096 | 
1928696571865213 | 
2194414937741597 | 
1267430937903857 | 
1822153598388523 | 
1115217877453481 | 
800632049306399 | 
24381861321481004 | 
3801800320124658 | 
4185565118390086 | 
1908495486712178 | 
3987027414881711 | 
1928005804785689 | 
25489887470670523 | 
1003621351847789 | 
1118038363572442 | 
1383217283362917 | 
3439873702845648 | 
591463397076152 | 
1502797204742080 | 
766988296340732 | 
1293773952490102 | 
708540468751982 | 
1653181295378140 | 
1902382126996485 | 
1404884587950076 | 
2087405438674874 | 
1499007587942167 | 
1114431220629086 | 
1922875725165563 | 
994597086158846 | 
25628141313523890 | 
4347232855562331 | 
684320411102085 | 
1179079880741461 | 
899078436368364 | 
746084357957764 | 
1202028955095779 | 
1961061257959405 | 
1304732168165115 | 
2497876853915851 | 
646059395259933 | 
1664620114731948 | 
1502444394146117 | 
1982279835864415 | 
1436528804235466 | 
2566071410438335 | 
826105126951718 | 
740342915551632 | 
2490067304691695 | 
1831978470685997 | 
1051625337183509 | 
1434597291177574 | 
1092913696081874 | 
900792458930341 | 
755609600725512 | 
1563495178184977 | 
2291359217985813 | 
865876522506658 | 
1785606668757228 | 
1173545631379919 | 
1602797764014936 | 
1068955975222203 | 
1343587807454585 | 
1268972688374188 | 
531759366667209 | 
1789626719094256 | 
1759331561352189 | 
808419748197720 | 
1169953901827547 | 
1588839978756007 | 
1430711438202436 | 
1149253223499863 | 
2520921568291212 | 
656079860846564 | 
24369297966031765 | 
777404664770844 | 
821116410681429 | 
1218230446985150 | 
1162552819021422 | 
2126691571497651 | 
1806740973258884 | 
1209345947676781 | 
861308923277644 | 
1308675330628109 | 
855756886880267 | 
778336631619146 | 
2284943451908375 | 
1337477827923159 | 
1218339260362089 | 
754850173783214 | 
1421164312910438 | 
1408083867604476 | 
1854292605516448 | 
1011234940872974 | 
1444152936913294 | 
1756498218308778 | 
697315373181836 | 
1358171622716676 | 
807759501817279 | 
2854956751361800 | 
1071841738356315 | 
824768596730604 | 
1946146816147828 | 
1452253969396428 | 
1096973225328872 | 
1855109395068891 | 
1607432846943292 | 
1786304462267861 | 
1660611411158623 | 
1512775549721185 | 
766602003037043 | 
2127450181121915 | 
1369072327495529 | 
936837162192401 | 
701430889563098 | 
1341339714240647 | 
1253890009479948 | 
2612595355758838 | 
1228926462724719 | 
1443512680388733 | 
1168571285262495 | 
1466351185089501 | 
983711667416698 | 
1859576031410155 | 
3375205372638684 | 
1467406884984163 | 
913664051669972 | 
1248314424184482 | 
2394042344411113 | 
26240235035604972 | 
26189031524091814 | 
2396038857575392 | 
1992924241602037 | 
4412934442295820 | 
952518117194833 | 
2036038763613683 | 
1823108148379955 | 
2083011695873236 | 
1393474059212852 | 
955921296971180 | 
3871681039806454 | 
1561491794919328 | 
922340837317921 | 
784933648029104 | 
892728707081394 | 
2020902188459148 | 
873317295168778 | 
823960363466493 | 
1674057453779441 | 
2746782605663243 | 
1486831779504666 | 
26611702075130617 | 
1694972661675953 | 
4462323273997103 | 
1471531891383624 | 
889677564032868 | 
877239645341961 | 
1511392393679890 | 
910147418512949 | 
3932419237056356 | 
2763890727307093 | 
1466925591448468 | 
949458807663454 | 
801875765803513 | 
2012022809393474 | 
1560799218351851 | 
1586523750146045 | 
1279401157467038 | 
1475444990922896 | 
25715506484735033 | 
1520194496009090 | 
655168440424801 | 
1426303819206526 | 
2025957428229232 | 
1326236428708970 | 
1128123285875758 | 
1133287248695503 | 
2427461597639754 | 
1255032209160382 | 
3909086829402225 | 
1452172076129524 | 
748169401140077 | 
1723823554907514 | 
4181130818806857 | 
656317637525098 | 
1162922135811388 | 
1314210693609166 | 
1544321293487323 | 
871710085284967 | 
779413348343262 | 
4492898410931148 | 
1294993169180390 | 
1462306768355944 | 
1330120821472162 | 
1986976155202153 | 
2015794465927300 | 
769396169080911 | 
2022224425242322 | 
2263809757396176 | 
1337975354660800 | 
1878519243088417 | 
848462047578641 | 
1546699546644092 | 
23954718294197825 | 
2664028773954242 | 
2790290507998421 | 
802768085507697 | 
1457872835296185 | 
1028438625896585 | 
1397388805361936 | 
1316547373431109 | 
1805249213702518 | 
1661943051190127 | 
2011485669604881 | 
26407909775527879 | 
1131080062256749 | 
838182281933271 | 
1194852225742907 | 
25191579350428025 | 
1496666835399254 | 
1424664588766585 | 
1126581812939928 | 
675258548746419 | 
1585862902696307 | 
1531717684578805 | 
849293040992970 | 
946640398306159 | 
827098773223542 | 
1137417738242566 | 
739413548873471 | 
24781874478083961 | 
1555690365502252 | 
1454847566338311 | 
1211393130747002 | 
1411073513432651 | 
1251643673433724 | 
1277507840586623 | 
1658745144800337 | 
10031195490263094 | 
2122799831581748 | 
623063300350874 | 
709006381975635 | 
763849196132062 | 
1258972692387652 | 
657920140041376 | 
867131056341447 | 
2573725936332694 | 
2104586776739088 | 
1243482680602026 | 
1497025564619071 | 
747119071638003 | 
1390239979403226 | 
1687514772243483 | 
1985760802324711 | 
2054987431909311 | 
1388141162803969 | 
1336340134514570 | 
1258139202194522 | 
1105294201820019 | 
2379711305816603 | 
931931039654940 | 
1268778864578361 | 
1602160977480444 | 
1827491688116846 | 
1383215406495961 | 
850230750751266 | 
808581918719986 | 
832578932989968 | 
24662524796678467 | 
690360026900810 | 
1480506313369010 | 
1277397097056344 | 
1076151414597142 | 
820937033689715 | 
1088320066070566 | 
2097992797783154 | 
778052741797046 | 
1957300461783246 | 
1377882547122346 | 
1037564731919577 | 
754774850491817 | 
719183687790359 | 
783888854505206 | 
648898114358288 | 
24133244669639173 | 
885003437388113 | 
757524690590718 | 
2112575389554801 | 
1441462257096972 | 
1762098821118894 | 
738374492290811 | 
2074027546668328 | 
679389778569846 | 
1757018971571370 | 
3508076092657373 | 
24365764429720667 | 
1121263496558421 | 
2642405019427948 | 
1294058958846599 | 
798955645937595 | 
1371162601221228 | 
1289237246248604 | 
1534621384175005 | 
579702298528866 | 
781739051280172 | 
2391806741270199 | 
1814128129196681 | 
740278668776331 | 
1128649096104814 | 
1440182917053392 | 
1536937067499403 | 
2046404379522392 | 
819487397411244 | 
759070970194069 | 
757675450492231 | 
1456626916004028 | 
1515847446289550 | 
1907990656522904 | 
2078904206022333 | 
905568045718595 | 
3625490317585555 | 
1455004215621712 | 
961998276361007 | 
756370717035776 | 
769387915681063 | 
1198165955539917 | 
4618079015089296 | 
1196591229026527 | 
900131029174513 | 
1820957782173898 | 
2245507802620278 | 
30930069813274167 | 
2307058066363950 | 
1641771110605349 | 
1860722501486830 | 
1450698839309617 | 
1763165620993150 | 
820439854177771 | 
2934188146769966 | 
830807736610117 | 
3752468878222270 | 
1015799510525318 | 
1454833272386362 | 
717280960928869 | 
1826219601383759 | 
2995793257289988 | 
2074208626666209 | 
4429105177412418 | 
1314716333699751 | 
4119288691646324 | 
1521570745583797 | 
1161338435401992 | 
692344017211667 | 
2475307179517201 | 
1845168446433332 | 
4291054397885394 | 
777209354862549 | 
1209532767866093 | 
863479879572337 | 
1205280794686597 | 
638201069170975 | 
1499710064728494 | 
653225223804235 | 
757339346995286 | 
1891330818075840 | 
1278407397025806 | 
1704765667563318 | 
1459890445050339 | 
719185954415005 | 
901887069185346 | 
1016322763803811 | 
826641823073621 | 
718922304270261 | 
1596093788037878 | 
3465184690286210 | 
796288119417870 | 
827087663387143 | 
1267065468249392 | 
2164188110741771 | 
1169547831669394 | 
1390837432569711 | 
2005176983559557 | 
2212214975872187 | 
857509303391768 | 
1418917679400214 | 
1526885781677302 | 
930117153052836 | 
1971855813661482 | 
1479267810096541 | 
2360621461080009 | 
1851589335532007 | 
2104982323370416 | 
1825682348020035 | 
787705813734510 | 
1305583811091197 | 
1194442782444543 | 
1613319916773470 | 
859699536616399 | 
1930832367677737 | 
4193469160941938 | 
1632144191303989 | 
1747487829235843 | 
760885536503559 | 
785739040543590 | 
1844269379767688 | 
796833666294766 | 
1155416233084406 | 
828937480248266 | 
1253414719797913 | 
1932793387354025 | 
1453081006425326 | 
1850195755526740 | 
1507775514399606 | 
934732782399275 | 
747284147876591 | 
1311392327335266 | 
26521822720814238 | 
650663164749975 | 
4113025318969041 | 
737962141970705 | 
2098081487780380 | 
898781119584947 | 
1978665336054831 | 
1737429360566890 | 
814321497971880 | 
901718229465978 | 
3028399517341984 | 
1594974058206273 | 
1158750315828738 | 
1301296541698697 | 
1066101658963374 | 
570979565979497 | 
1277380303905937 | 
1482040866362643 | 
2026810978059446 | 
1146958064231849 | 
923888833830971 | 
834297375846502 | 
1456646502185336 | 
2318305485256584 | 
1392969805528576 | 
799010196026741 | 
1161005389257791 | 
1466718017788007 | 
889096560862837 | 
801900206093979 | 
4197346870487970 | 
1759350504629190 | 
1542033623479510 | 
813314897798681 | 
1522736015547402 | 
915838651151172 | 
1389475876169150 | 
852545784072454 | 
2019928322186183 | 
1709468489746056 | 
1440003867736282 | 
2001145013948401 | 
1034607889551043 | 
2095869824694723 | 
1661066505138402 | 
826595809912416 | 
1883594162279292 | 
4195704730741007 | 
2159378684803518 | 
25917226484623050 | 
2432409157198700 | 
1249577234002236 | 
1857721584923182 | 
931858832889468 | 
4308271932745555 | 
948387067579972 | 
1864350587854369 | 
1546265027099040 | 
1202462248443403 | 
989336670293701 | 
974842491810538 | 
1507621290774353 | 
919349230926746 | 
26001407386204885 | 
3075520272638367 | 
1450915646718184 | 
1595941351663644 | 
900551232985272 | 
1639514417117200 | 
1499940078500785 | 
1615289139700503 | 
990532117000253 | 
4233706606885452 | 
1679026469963763 | 
715227067862849 | 
955213227259466 | 
1607237170393964 | 
1757625062067533 | 
1717176452784851 | 
1021525650440278 | 
1257485429749438 | 
950119814417275 | 
2000544563864036 | 
926246876895145 | 
992391880125852 | 
1189254619818293 | 
3173423949509556 | 
979403331448038 | 
2219314948857433 | 
1306883294784114 | 
1281860220722908 | 
985224460671911 | 
863153410130584 | 
1998107087446973 | 
1533865118093438 | 
1480305820174007 | 
2657154428011460 | 
26142200282128793 | 
978196771545708 | 
1406646494563287 | 
2499996143700200 | 
4076502702640055 | 
1630283111562157 | 
2017475802173118 | 
700207139838115 | 
1917116995610723 | 
1492652345747718 | 
1680158493403897 | 
1486389966231153 | 
1609420683691865 | 
2205033356568250 | 
3860658277563205 | 
1322745843031008 | 
1474029277555797 | 
1584785176153224 | 
957044053587673 | 
849735634260704 | 
1279047720383161 | 
1285405030364159 | 
2000509411342026 | 
967083806267222 | 
2811220049239520 | 
978589468015796 | 
1502837134572433 | 
1488000796033413 | 
1286677890248046 | 
1428359669045670 | 
1663030028342043 | 
979265037875109 | 
971570365321442 | 
834893932272332 | 
1625746328698896 | 
1016347720740076 | 
1454640122464334 | 
891490377249721 | 
1502046221492435 | 
1333696692156937 | 
1609036580154630 | 
982042467855832 | 
2042102186396106 | 
2027818018149597 | 
962574429825217 | 
972294511958951 | 
966301589381780 | 
1333705868903307 | 
959025493751977 | 
1603497561209460 | 
2136373370280368 | 
953244250662618 | 
1474031804416228 | 
1676727653376064 | 
929706716712012 | 
2189980331742785 | 
3603371166468876 | 
1478898820453665 | 
845762604521499 | 
2198015967683286 | 
851329907997098 | 
1519244086585655 | 
1259752076364365 | 
972425702155338 | 
974164162263392 | 
2866060773736423 | 
3503347196488483 | 
4402842513320550 | 
827604043735666 | 
1249931783962858 | 
1436796717751028 | 
908276075525922 | 
1546658674132117 | 
840486752398087 | 
1275951264059475 | 
1997670577805606 | 
955637173959695 | 
2481827448989842 | 
1289890049939964 | 
1317565153562777 | 
1642720917027025 | 
2876899949318980 | 
1497612778532825 | 
1495935402133447 | 
1500373488123937 | 
1648065672980566 | 
1870524866841864 | 
1001437896175409 | 
2160946901364287 | 
1146270900961891 | 
1876750246344955 | 
2120917068751839 | 
1677535850051013 | 
3912304695731800 | 
4258252917757630 | 
934675136140165 | 
2849600262050908 | 
1782465959583854 | 
26998676976487786 | 
985969693848397 | 
1552721263084308 | 
795867843255779 | 
1828947344446844 | 
