25438637609126425 | 
1231575415798855 | 
2648903902123290 | 
1200909998543311 | 
750222401493633 | 
743673351382232 | 
9471228069664918 | 
704185795567904 | 
1343355047457974 | 
1444215626897580 | 
4055253544716753 | 
2039575556612673 | 
4136542796614532 | 
1184281586577822 | 
1222940592434662 | 
1931931224102349 | 
778244804932449 | 
4278994065763077 | 
1630732787951551 | 
1067968941534466 | 
1197021939031670 | 
971075845109719 | 
746083728452876 | 
25325654530420828 | 
1352943675807159 | 
1274202114050937 | 
1572125103978292 | 
900881722877643 | 
3584077858397971 | 
778623668367979 | 
1459845458677205 | 
1630062648338561 | 
755426757144291 | 
1753115245595537 | 
2451074352014258 | 
754034721018802 | 
1027970139393705 | 
2047448396008486 | 
1235905268016482 | 
1020493126173803 | 
1590997292171925 | 
766475852479505 | 
935599392218785 | 
1326561872852519 | 
996742522612080 | 
4477919099102133 | 
1586403332316310 | 
2181570992668145 | 
1323113812843140 | 
1062819765659412 | 
1128728762635474 | 
25549544991398081 | 
1607925780353385 | 
813116224435440 | 
1219451473269886 | 
1476491920198112 | 
715566171345256 | 
3657042201100963 | 
24534619396222133 | 
1594971824903650 | 
1715541452419918 | 
1467999657583520 | 
1444825407008130 | 
1316439999982256 | 
731016433439076 | 
1851035598787675 | 
788538654241950 | 
1824890461737941 | 
1027276056240821 | 
23936002529395078 | 
1436389734756170 | 
1145433010888293 | 
815728774205899 | 
1242999731229045 | 
1506668496975612 | 
1460962431640216 | 
712799984941796 | 
1098279278737084 | 
828317956382264 | 
724654123639868 | 
1447729070383753 | 
1507921993868238 | 
1865065010821323 | 
732907289331993 | 
898485862887748 | 
1583710616110884 | 
911159581300994 | 
4181580262085800 | 
934458945774646 | 
756037584117835 | 
1269151648356975 | 
662497440234324 | 
1513243550107336 | 
24070102172599924 | 
1919187435550430 | 
1331446888386643 | 
786878103677685 | 
2195261391218659 | 
1288812622745498 | 
1192835819516787 | 
1187803635942972 | 
1520298795970563 | 
752359244347025 | 
4270334433251251 | 
849734474535141 | 
2131309510669822 | 
718184894320069 | 
791619590087681 | 
1534651171708193 | 
1262558252124153 | 
1506427407037323 | 
1423840002534228 | 
1295596215673267 | 
820817436938600 | 
1328298392680671 | 
1475359186988968 | 
4307647519507004 | 
714648721374158 | 
1451545199193312 | 
1823827579012613 | 
443412488835123 | 
1874312890627262 | 
1423449179222710 | 
1618625039332403 | 
1163260885784049 | 
1353371262866572 | 
1672062060185016 | 
1918655629529132 | 
1251678597143825 | 
1183790963781238 | 
1239883617613322 | 
697039486247048 | 
1947760539167342 | 
594439097049195 | 
636292328800083 | 
849405727409665 | 
1621918295598172 | 
917546377434992 | 
1627676801573462 | 
1686577012038203 | 
783501808075288 | 
2168245637314884 | 
786158453843909 | 
910510368325056 | 
1950182662569815 | 
1430263378218524 | 
780825187789711 | 
1798888357732981 | 
759808650519656 | 
2002164063921566 | 
1579374979841810 | 
24189356014082476 | 
31185923901052252 | 
1439055987569000 | 
2189112151574934 | 
741305335230120 | 
1477511233342266 | 
1585623282572063 | 
3111202765755575 | 
1228926462724719 | 
2527447424261215 | 
1466351185089501 | 
983711667416698 | 
1859576031410155 | 
1335069675109666 | 
26078627975096929 | 
810955984834795 | 
1467406884984163 | 
913664051669972 | 
801982676095660 | 
24454496744155496 | 
1066403262333027 | 
630753850080177 | 
1248314424184482 | 
1253967146054757 | 
1682672215730182 | 
2394042344411113 | 
26240235035604972 | 
2388936168168578 | 
1552973966112986 | 
26189031524091814 | 
837032345439331 | 
765200829852017 | 
2396038857575392 | 
1235479791108284 | 
1517273449303016 | 
529775890124833 | 
1992924241602037 | 
1651757119571940 | 
1979857426137075 | 
925956590381283 | 
693080053295792 | 
594410713715474 | 
1322614609456848 | 
4412934442295820 | 
952518117194833 | 
2224763378043513 | 
1139803131514697 | 
2036038763613683 | 
1144797424392005 | 
3394005400784113 | 
2091776881594690 | 
1085681633525400 | 
1309984164291619 | 
2241696852917531 | 
1122468289843304 | 
1915025642416794 | 
715119931381052 | 
1812063869417557 | 
601918266131853 | 
2539134199787821 | 
717460620910109 | 
1823108148379955 | 
1293542485388078 | 
743638808380989 | 
1466048738143210 | 
1717150278905064 | 
689311944245325 | 
1820531908591111 | 
2083011695873236 | 
1304732168165115 | 
1393474059212852 | 
1305776861247517 | 
2812938778899420 | 
1755716748410688 | 
1182494027329201 | 
1086245577044360 | 
25090179333949645 | 
997656715735501 | 
833618409127216 | 
1406632527824027 | 
955921296971180 | 
3929031334076321 | 
9339292916194277 | 
1434805281145360 | 
1366170828888192 | 
3871681039806454 | 
1330839028650058 | 
24005790115769824 | 
743487564720013 | 
1285867479608186 | 
619089641169865 | 
4192640324334510 | 
1136853155045985 | 
2044886586042058 | 
983817457203802 | 
1689914041722914 | 
2481110888957300 | 
922340837317921 | 
4023883687862490 | 
616707691466121 | 
1226377095993353 | 
737195842454875 | 
916506577593820 | 
2313697649146675 | 
1850184329243851 | 
784933648029104 | 
876651555312518 | 
1345365887155938 | 
1388980832357368 | 
2464092947307548 | 
3006448779742637 | 
1844052069658144 | 
892728707081394 | 
815746534267210 | 
2087303932039900 | 
652881127341784 | 
2020902188459148 | 
1542147113577792 | 
2065555717514428 | 
2135881456920984 | 
1276787524045755 | 
873317295168778 | 
884005867303287 | 
823960363466493 | 
1135465691780325 | 
1291522042516745 | 
1353615719530523 | 
1674057453779441 | 
1950018095849477 | 
1517683522921211 | 
2746782605663243 | 
1288081622868336 | 
26611702075130617 | 
2141130623308768 | 
1694972661675953 | 
1925267478873972 | 
781560834330319 | 
755914500634682 | 
787798480999890 | 
918426134209947 | 
796567276276931 | 
909041875063514 | 
1471531891383624 | 
1825864857998971 | 
2385744851856727 | 
1071161618564614 | 
925409693054096 | 
2194414937741597 | 
1267430937903857 | 
1822153598388523 | 
24381861321481004 | 
1908495486712178 | 
1928005804785689 | 
1502797204742080 | 
1003621351847789 | 
1383217283362917 | 
1293773952490102 | 
708540468751982 | 
1653181295378140 | 
2087405438674874 | 
1114431220629086 | 
25628141313523890 | 
4347232855562331 | 
684320411102085 | 
1179079880741461 | 
899078436368364 | 
746084357957764 | 
1511392393679890 | 
1961061257959405 | 
2497876853915851 | 
1664620114731948 | 
1982279835864415 | 
1436528804235466 | 
3932419237056356 | 
826105126951718 | 
740342915551632 | 
1831978470685997 | 
1434597291177574 | 
1092913696081874 | 
900792458930341 | 
755609600725512 | 
2291359217985813 | 
1785606668757228 | 
2763890727307093 | 
531759366667209 | 
1759331561352189 | 
1588839978756007 | 
1430711438202436 | 
2520921568291212 | 
777404664770844 | 
821116410681429 | 
2126691571497651 | 
1806740973258884 | 
861308923277644 | 
949458807663454 | 
855756886880267 | 
2284943451908375 | 
1337477827923159 | 
754850173783214 | 
1408083867604476 | 
1854292605516448 | 
1011234940872974 | 
1444152936913294 | 
2012022809393474 | 
807759501817279 | 
2854956751361800 | 
1071841738356315 | 
1586523750146045 | 
1452253969396428 | 
1279401157467038 | 
1096973225328872 | 
1786304462267861 | 
1512775549721185 | 
936837162192401 | 
701430889563098 | 
1341339714240647 | 
1253890009479948 | 
2612595355758838 | 
25715506484735033 | 
2025957428229232 | 
1128123285875758 | 
1255032209160382 | 
3909086829402225 | 
1452172076129524 | 
748169401140077 | 
1723823554907514 | 
656317637525098 | 
1162922135811388 | 
1314210693609166 | 
871710085284967 | 
1294993169180390 | 
1330120821472162 | 
769396169080911 | 
2022224425242322 | 
2263809757396176 | 
1337975354660800 | 
1878519243088417 | 
848462047578641 | 
1546699546644092 | 
23954718294197825 | 
2664028773954242 | 
2790290507998421 | 
802768085507697 | 
1805249213702518 | 
1661943051190127 | 
26407909775527879 | 
1496666835399254 | 
1126581812939928 | 
675258548746419 | 
1585862902696307 | 
849293040992970 | 
946640398306159 | 
827098773223542 | 
739413548873471 | 
1555690365502252 | 
1454847566338311 | 
1251643673433724 | 
1277507840586623 | 
2122799831581748 | 
623063300350874 | 
2104586776739088 | 
1243482680602026 | 
1497025564619071 | 
747119071638003 | 
1390239979403226 | 
1687514772243483 | 
2054987431909311 | 
1388141162803969 | 
1336340134514570 | 
1105294201820019 | 
2379711305816603 | 
931931039654940 | 
1268778864578361 | 
1602160977480444 | 
1827491688116846 | 
1383215406495961 | 
808581918719986 | 
24662524796678467 | 
690360026900810 | 
1480506313369010 | 
1277397097056344 | 
820937033689715 | 
1088320066070566 | 
2097992797783154 | 
1957300461783246 | 
754774850491817 | 
719183687790359 | 
783888854505206 | 
648898114358288 | 
24133244669639173 | 
955745763375875 | 
757524690590718 | 
2112575389554801 | 
738374492290811 | 
2074027546668328 | 
679389778569846 | 
3508076092657373 | 
1121263496558421 | 
2642405019427948 | 
798955645937595 | 
1371162601221228 | 
1289237246248604 | 
1534621384175005 | 
579702298528866 | 
2391806741270199 | 
1814128129196681 | 
740278668776331 | 
1128649096104814 | 
1440182917053392 | 
2046404379522392 | 
757675450492231 | 
1456626916004028 | 
1907990656522904 | 
2078904206022333 | 
961998276361007 | 
756370717035776 | 
1198165955539917 | 
4618079015089296 | 
1196591229026527 | 
900131029174513 | 
2245507802620278 | 
30930069813274167 | 
1860722501486830 | 
1450698839309617 | 
820439854177771 | 
2934188146769966 | 
1015799510525318 | 
717280960928869 | 
4429105177412418 | 
1314716333699751 | 
4119288691646324 | 
1161338435401992 | 
2475307179517201 | 
4291054397885394 | 
777209354862549 | 
863479879572337 | 
1205280794686597 | 
638201069170975 | 
653225223804235 | 
757339346995286 | 
1278407397025806 | 
1704765667563318 | 
1459890445050339 | 
719185954415005 | 
901887069185346 | 
1016322763803811 | 
718922304270261 | 
3465184690286210 | 
796288119417870 | 
827087663387143 | 
1267065468249392 | 
2164188110741771 | 
1169547831669394 | 
1390837432569711 | 
2005176983559557 | 
2212214975872187 | 
1418917679400214 | 
1526885781677302 | 
930117153052836 | 
1479267810096541 | 
2104982323370416 | 
1825682348020035 | 
1194442782444543 | 
859699536616399 | 
1930832367677737 | 
4193469160941938 | 
1632144191303989 | 
1747487829235843 | 
760885536503559 | 
785739040543590 | 
1844269379767688 | 
796833666294766 | 
1155416233084406 | 
828937480248266 | 
1253414719797913 | 
1932793387354025 | 
1507775514399606 | 
747284147876591 | 
650663164749975 | 
4113025318969041 | 
737962141970705 | 
2098081487780380 | 
1737429360566890 | 
814321497971880 | 
1594974058206273 | 
1158750315828738 | 
1066101658963374 | 
570979565979497 | 
1277380303905937 | 
1482040866362643 | 
2026810978059446 | 
923888833830971 | 
834297375846502 | 
1456646502185336 | 
2318305485256584 | 
799010196026741 | 
1466718017788007 | 
889096560862837 | 
1759350504629190 | 
813314897798681 | 
1522736015547402 | 
915838651151172 | 
1389475876169150 | 
852545784072454 | 
2019928322186183 | 
1440003867736282 | 
1841172213220429 | 
1155777303404466 | 
1711243499529231 | 
1219747943170435 | 
875739115460719 | 
24761048200233253 | 
834893932272332 | 
1159153006142147 | 
803040442115748 | 
728252696932752 | 
1481245696358904 | 
1942439473104088 | 
1051341510533281 | 
4195704730741007 | 
1106721278031886 | 
1129106678690692 | 
753308707629566 | 
2224015021436517 | 
716586564800716 | 
704957979040226 | 
4308907519432884 | 
1139740558178106 | 
780357295052933 | 
822338040746721 | 
1721691591836305 | 
1308312607433903 | 
4243872942425170 | 
1443103367002888 | 
31278033668462330 | 
1622707902428925 | 
2714621942231397 | 
1610303350187757 | 
817995394129760 | 
991373096306047 | 
1098388402265434 | 
1084925703724587 | 
715571411400736 | 
1287168776680642 | 
685431417822527 | 
1352134679186862 | 
2610055946037668 | 
1579954843031031 | 
24946777794989713 | 
804811771878586 | 
1121389189931754 | 
1940999300017176 | 
1832633457405110 | 
808048451912106 | 
2042102186396106 | 
773789452028090 | 
615476128294262 | 
664471395985297 | 
1482334199517315 | 
1202462248443403 | 
1561949888267015 | 
1628684645173915 | 
2411902119263112 | 
3642332596076162 | 
1303053411602574 | 
844114124607621 | 
739965542145428 | 
754118250874148 | 
1463890391587832 | 
1249631156962703 | 
782964324189701 | 
4095357110793123 | 
1301334268099193 | 
844211541410805 | 
1463920734945707 | 
3967965953452553 | 
1995227804734767 | 
1315678309768746 | 
1352513092893330 | 
2173239429845590 | 
724578447265312 | 
1264904131654311 | 
846002871103062 | 
741846778678359 | 
1117070626702157 | 
4383664415251788 | 
1842362846701003 | 
1832186784402821 | 
954604613914650 | 
948991620978783 | 
4020049171590124 | 
2653709334980473 | 
1281251633438578 | 
1413306369894953 | 
1861246377926114 | 
1921193331938597 | 
829431516207716 | 
2698596110479494 | 
1453901829405129 | 
1495879724931137 | 
1297353908590577 | 
638319648517985 | 
1344124437269321 | 
1295185252303685 | 
889077644177492 | 
1422403135650504 | 
4524023811214903 | 
1744401276932121 | 
1662632737759552 | 
876382905075568 | 
535448416260582 | 
1560040288525570 | 
1311812647319993 | 
2955929624797876 | 
1345149633815499 | 
1436796717751028 | 
670463642011645 | 
24164833609863292 | 
738659548745596 | 
1479907800033552 | 
742700805420788 | 
25213612654901150 | 
771417165669322 | 
1442911364506691 | 
1276975180541903 | 
1295462135790218 | 
1472928157324987 | 
1553559552403485 | 
2102586257259524 | 
828599446833949 | 
1114278773598328 | 
1140760394165882 | 
1342884101210866 | 
3657420727899627 | 
25396069680017532 | 
760092083096678 | 
1960411668139130 | 
1622897158988361 | 
1898690317648489 | 
1595941351663644 | 
769439935627792 | 
1587922918855530 | 
2864993227027573 | 
1128618309332534 | 
1503721880991330 | 
1266787739000007 | 
1040385934909504 | 
1582873276351110 | 
852682787232611 | 
1260352442725422 | 
1672602300784823 | 
1250562146662272 | 
1255271665804704 | 
823314806813845 | 
1329217201885145 | 
2252810725141183 | 
1520430555996841 | 
2182159625614271 | 
1590621475560586 | 
861174566829442 | 
1366441995145245 | 
1800542283870678 | 
1194580655819414 | 
793648436997736 | 
948387067579972 | 
1137745071797501 | 
744045538325512 | 
1291469669503765 | 
771818788568449 | 
931872262673136 | 
1907920246725056 | 
789026784003555 | 
3230832777094980 | 
1546041706356961 | 
776739621800821 | 
1607224870594850 | 
1442205893504364 | 
1390888605315710 | 
820904997130414 | 
1951012989002477 | 
1340725233936836 | 
857753400647182 | 
818075920715105 | 
1099489334994335 | 
1312937836968223 | 
1393371899248455 | 
738061479048633 | 
2330166594061610 | 
3252990748181252 | 
2148471975677066 | 
942718614862735 | 
2026462531562486 | 
3895708524073064 | 
748133214438814 | 
1082521927366730 | 
1259752076364365 | 
2000544563864036 | 
806949995114661 | 
3178866358987230 | 
2133539713897556 | 
1577556824372852 | 
1029364479371382 | 
1249957016611761 | 
1354142499813353 | 
1470037330967249 | 
2197017054150307 | 
3186522731506712 | 
1115132213774349 | 
978196771545708 | 
2687745014758034 | 
1148887267051217 | 
1211694350978546 | 
969023979139997 | 
4173455769568659 | 
25340923312175247 | 
1707372076648992 | 
1546553700110302 | 
4277487385826464 | 
894849819580855 | 
1502046221492435 | 
1431064048222407 | 
738089032592514 | 
1503961280790441 | 
1613572539570537 | 
1318565816324828 | 
1433369291041981 | 
1442575227066453 | 
1349634246888302 | 
1209912584337115 | 
2248579828984908 | 
1307593297729437 | 
1455925395705866 | 
593785120481760 | 
1268542191343922 | 
1136263377995950 | 
1990338128444530 | 
1317367936414443 | 
2127712784701446 | 
1464616064615552 | 
1456856555465577 | 
1423191123095216 | 
1131525699100176 | 
3134688463345183 | 
1800192611382177 | 
2887296164793137 | 
778123641636436 | 
1901397813781336 | 
1459923495036379 | 
4275376026081445 | 
1134561808193539 | 
1245755840772511 | 
837610258599713 | 
771335402515835 | 
799028402572095 | 
1375727243500389 | 
950119814417275 | 
1293296932007352 | 
777614331690426 | 
1286519809768537 | 
748659574465573 | 
1499940078500785 | 
2989197091280427 | 
4063422767320490 | 
1542209580151384 | 
1857118208202254 | 
2219314948857433 | 
847087884473729 | 
653548747138211 | 
792804753405633 | 
1444275630156711 | 
2290513974809421 | 
934675136140165 | 
650865797373720 | 
1985584578736209 | 
1024991036376652 | 
1862447718040577 | 
3638281989810760 | 
2079823882557472 | 
1292058672395446 | 
1345046467624288 | 
25580821768170068 | 
1286659179596207 | 
901687025573744 | 
1936788217164010 | 
1129724145421461 | 
1578887493551620 | 
1816537879736621 | 
2013682289543188 | 
1555073032519674 | 
1162439875733760 | 
915432178152558 | 
2027247621379812 | 
1994983271230619 | 
604177875897986 | 
873809298310724 | 
1820576918648871 | 
926246876895145 | 
4072771772977060 | 
1100936445332070 | 
722006520642867 | 
1328811639251210 | 
2511935605826231 | 
1309188311000441 | 
2220635248412959 | 
4212691562338841 | 
1265632215360102 | 
1645471736515188 | 
954969680840727 | 
1098367501673495 | 
1442030647010284 | 
1346562590525304 | 
1122001916555708 | 
3751199295180945 | 
787558714173805 | 
1652652019523156 | 
3909907962556751 | 
1150914126877874 | 
2329939124132375 | 
774229288375636 | 
3150367511790591 | 
843356624888599 | 
1794398131469759 | 
908681055227585 | 
972653378668915 | 
798973192700144 | 
1126122172457251 | 
826221189732764 | 
1139015601730330 | 
1835234477162659 | 
2088862041958970 | 
24468895669466750 | 
717952111353144 | 
849199927599108 | 
1064863948942518 | 
1136674331124050 | 
922711696942511 | 
2538306629855664 | 
1765570537495532 | 
1488378495758367 | 
1101590702086699 | 
728094286807356 | 
2831798330342376 | 
1640018200655695 | 
1815219749057535 | 
4100071010309608 | 
1047609624117127 | 
1342257050229267 | 
1259607376238514 | 
786078494025019 | 
1504460880912646 | 
564184833447407 | 
1674633623955919 | 
649258121340946 | 
1315412380085523 | 
1204834068109799 | 
1308160184117895 | 
1512944103201237 | 
1853538758894444 | 
1686187299413515 | 
752656264055090 | 
634568263025609 | 
938280385443264 | 
903278585444545 | 
836442036210900 | 
1091952039042813 | 
2237444476739700 | 
756927393416077 | 
30443173108631715 | 
1279796513790639 | 
25180820291597502 | 
807671088626597 | 
9669907003111355 | 
2649818805382924 | 
1161765805806624 | 
3837955616348439 | 
24193190356989398 | 
1727924161222280 | 
1900049260925375 | 
759269336797304 | 
26001407386204885 | 
3627271360907846 | 
1542813873396143 | 
2013741452817521 | 
4147803848838300 | 
1189743403242605 | 
1095387332020350 | 
959025493751977 | 
2042574849827274 | 
1146613694089273 | 
1096621745961689 | 
1685130602131727 | 
1439141887761663 | 
785804207497417 | 
1111280743765450 | 
1189254619818293 | 
975497188234056 | 
699751792399959 | 
24186659274337835 | 
755293163885566 | 
957842270132018 | 
1725874171703582 | 
1802922743973363 | 
1752133342358497 | 
810268635013262 | 
1436367157414920 | 
914473734920366 | 
1416847666235525 | 
807030185481044 | 
1318074416158714 | 
604943019324774 | 
866087599360069 | 
1955962625294684 | 
1278429013722052 | 
1750672769148253 | 
777773241310208 | 
968260375866031 | 
1150648310455092 | 
1560298576097784 | 
790634367157952 | 
1862977251231524 | 
1336366591353177 | 
1467296384344298 | 
2217968582016000 | 
797075689759788 | 
2444571619295071 | 
706215699155278 | 
643582315470891 | 
1093087666065668 | 
4402006000066983 | 
1216054664026020 | 
1325180252464844 | 
782482017703381 | 
2802910096569239 | 
1091094372599994 | 
2183309592163099 | 
1932488334024178 | 
783176064595224 | 
1320049333080390 | 
1266252114908131 | 
1190969469736966 | 
2065986577515375 | 
1455393365718561 | 
1312245807232906 | 
24589271730712377 | 
25866929016232077 | 
2227227371061743 | 
1302845857979734 | 
768035659320715 | 
1124621332959497 | 
3796072774035622 | 
834969662447928 | 
815900734234603 | 
901993492469313 | 
4241052296041225 | 
1420368376785801 | 
1291824085736567 | 
2156535128204728 | 
1339447330906586 | 
965662195907238 | 
4331470313797304 | 
768807132804218 | 
24256597807324177 | 
1431728541228381 | 
2267184363809337 | 
1425863102008157 | 
1492752175528621 | 
1109954907574070 | 
1237710678133122 | 
834979322307505 | 
752337574208127 | 
1631479434903779 | 
3731144870526237 | 
1474976023548891 | 
840486752398087 | 
1349050950588222 | 
541063662429644 | 
25929530466637399 | 
1670736367520460 | 
1626551811868400 | 
1592620061792340 | 
609418485572020 | 
742673448528321 | 
1800047100719713 | 
808080075545316 | 
779633521350285 | 
1293330522402304 | 
1521422325528642 | 
1293056082684380 | 
3149343928581364 | 
24882361411386041 | 
1647726379552313 | 
2149754825500223 | 
671767932694459 | 
2006781276917813 | 
1826539824891304 | 
1478718133121902 | 
1106466444945283 | 
1076647634616410 | 
1409533190142361 | 
1270962754992717 | 
1264059109048803 | 
771073642233172 | 
1454297795803228 | 
1900853870482137 | 
2131966347291006 | 
934108752399656 | 
1936639697083883 | 
772297951892692 | 
612060168195171 | 
1266258955251911 | 
945252081424851 | 
1718331595520850 | 
773651175550862 | 
1102796735175682 | 
598446559812368 | 
778681134928629 | 
4134222043571898 | 
3238411636347226 | 
33160409113558412 | 
2112432876214806 | 
1858132171724793 | 
1100418018419196 | 
2996599690512296 | 
1421597748905346 | 
4284115825235096 | 
1321323752911328 | 
1266302445154068 | 
1656697705714929 | 
1555688478752507 | 
780311314796340 | 
1147905930620174 | 
1240477161430198 | 
670264748977143 | 
767892048982882 | 
1889996425053443 | 
1096540821983034 | 
782003278142693 | 
1822052761692088 | 
1162911222345617 | 
1291763315655532 | 
758844663690490 | 
3260257534151688 | 
694039280396369 | 
24285920661027191 | 
4216923335288493 | 
808109478518793 | 
1267892202021577 | 
773518092057749 | 
1709256199720869 | 
791060306601196 | 
1134717172038176 | 
1563913528131680 | 
1864350587854369 | 
813095667777402 | 
1134716742115245 | 
4406134476340162 | 
4286035884966403 | 
892575717074424 | 
3654071671568928 | 
1444639980204563 | 
1302366504880130 | 
2160833624748933 | 
1256111639044737 | 
1779196432991125 | 
24242151308813939 | 
4042190319378653 | 
2534520963583826 | 
765294422747559 | 
2326214021126100 | 
756254057420797 | 
1341748727868539 | 
1621138432365195 | 
1478316220333089 | 
1156948179639707 | 
754662183962738 | 
733557906354401 | 
1831303264244832 | 
1080808294232364 | 
1807029756670817 | 
1474953227085763 | 
1870125130571464 | 
2031448384459098 | 
2451173088651004 | 
2401340947050482 | 
2937740833079333 | 
1285010633565774 | 
34059588823687765 | 
1431612668613068 | 
1131707059126881 | 
3849195402056333 | 
1952892561965117 | 
2156622055157204 | 
1271773588353924 | 
1426109525273858 | 
1771227217155951 | 
1469538027519525 | 
1405013173891249 | 
3223159991197492 | 
785446520913718 | 
4213693068894241 | 
2178581652886675 | 
762982006420333 | 
1883958472323911 | 
1275271154667030 | 
1442367790296144 | 
1463662414687982 | 
1558350455440723 | 
2064945444077301 | 
1340422063961036 | 
836551532678845 | 
1089705239803411 | 
26251652851170244 | 
2084558172071438 | 
1998776943990291 | 
1362997288669234 | 
1046881430856494 | 
975667564684835 | 
1187947826472965 | 
918076501007540 | 
1093524976185924 | 
1643203646687858 | 
1847169329505578 | 
1314179987091929 | 
1439348857981414 | 
1474387117671578 | 
1151462130139735 | 
2384128585441187 | 
1281160350029844 | 
1653714392577375 | 
612240611681513 | 
1645027513450863 | 
1068594245438545 | 
1190813112893865 | 
1982438745915976 | 
927577023547732 | 
1298943565470664 | 
1236364785183092 | 
1113077664251942 | 
695221690192167 | 
917770424198733 | 
1276972174157429 | 
2088860765235558 | 
1245199537753616 | 
791390843558061 | 
2013356069288575 | 
2001145013948401 | 
2095869824694723 | 
1661066505138402 | 
2159378684803518 | 
2432409157198700 | 
1249577234002236 | 
1857721584923182 | 
931858832889468 | 
4308271932745555 | 
1546265027099040 | 
974842491810538 | 
1507621290774353 | 
919349230926746 | 
900551232985272 | 
1615289139700503 | 
4233706606885452 | 
1679026469963763 | 
955213227259466 | 
1607237170393964 | 
1757625062067533 | 
1021525650440278 | 
1257485429749438 | 
3173423949509556 | 
1306883294784114 | 
1281860220722908 | 
985224460671911 | 
1998107087446973 | 
1533865118093438 | 
1480305820174007 | 
910147418512949 | 
26142200282128793 | 
1406646494563287 | 
2499996143700200 | 
1630283111562157 | 
2017475802173118 | 
700207139838115 | 
1917116995610723 | 
1680158493403897 | 
1486389966231153 | 
1584785176153224 | 
957044053587673 | 
1279047720383161 | 
967083806267222 | 
2811220049239520 | 
978589468015796 | 
1502837134572433 | 
1286677890248046 | 
1428359669045670 | 
979265037875109 | 
1625746328698896 | 
1016347720740076 | 
1454640122464334 | 
982042467855832 | 
962574429825217 | 
972294511958951 | 
1333705868903307 | 
1603497561209460 | 
2136373370280368 | 
953244250662618 | 
1474031804416228 | 
1676727653376064 | 
929706716712012 | 
1478898820453665 | 
851329907997098 | 
2866060773736423 | 
4197346870487970 | 
3503347196488483 | 
4402842513320550 | 
827604043735666 | 
1249931783962858 | 
908276075525922 | 
1546658674132117 | 
1275951264059475 | 
1997670577805606 | 
955637173959695 | 
2481827448989842 | 
1317565153562777 | 
1642720917027025 | 
2876899949318980 | 
1500373488123937 | 
2160946901364287 | 
2120917068751839 | 
3912304695731800 | 
1782465959583854 | 
985969693848397 | 
1552721263084308 | 
795867843255779 | 
1828947344446844 | 
939023235586900 | 
1524608779191736 | 
979366344672997 | 
36007440788902432 | 
1003696545337038 | 
2685548035159826 | 
975835398478635 | 
2061471958106105 | 
4577514275813009 | 
1527186745539037 | 
994194273279758 | 
1748169359478746 | 
1286892846906110 | 
3018889454966266 | 
1561420282086435 | 
883502244751260 | 
922534460411294 | 
935510749339434 | 
1607828933653494 | 
1308858174588618 | 
1475965963635061 | 
4042682452690437 | 
1922659365093841 | 
2011350346442099 | 
982016177634058 | 
27334845706121593 | 
1684470076025662 | 
967752182563609 | 
1004413778939565 | 
1009362384990716 | 
982026184770046 | 
1301096895564114 | 
989353896978391 | 
1354765696476137 | 
2212903929114329 | 
993513103135334 | 
1520629436151203 | 
2694206747633405 | 
990279196736012 | 
990763273475219 | 
2360090084485545 | 
980003871355337 | 
1329025489076523 | 
837695722712234 | 
1424108329517348 | 
960472713197338 | 
1117479389841314 | 
1698650551290526 | 
1670584640748978 | 
1928759101106593 | 
2035163620372495 | 
2062483504330515 | 
27089763327310509 | 
1708554143642828 | 
2055811295814766 | 
918762857656288 | 
1492417999220219 | 
1332210115621779 | 
2370174950061614 | 
941032215373889 | 
1291583832952788 | 
1531037875212436 | 
1292704048889309 | 
1495471645407696 | 
2280426889363654 | 
965749603020776 | 
1471926004414105 | 
1503723544703395 | 
2065247354373729 | 
1500189115040517 | 
4075656936061008 | 
958993196884476 | 
1377590417531675 | 
2070366473520178 | 
2199919194151637 | 
4492644984396330 | 
1316240190388411 | 
1532068858555909 | 
2459752991207329 | 
975845621856133 | 
1611483700494462 | 
3470085473166854 | 
1737319273900787 | 
1484710879717822 | 
2346268422529289 | 
968433888933532 | 
1565992415220442 | 
984097530706110 | 
2226127414859633 | 
880009224810078 | 
1414350624072589 | 
1006062118431323 | 
4292793860973939 | 
1915664859084212 | 
1321539953441287 | 
2156385038461377 | 
1252103600060832 | 
1341308047891120 | 
26450598191234352 | 
1562091905567500 | 
990465660016397 | 
1759178392130704 | 
1910555506262032 | 
966391472709066 | 
2455601611579450 | 
1007645788352392 | 
1247405544134698 | 
1285004489792254 | 
2157692818402943 | 
2733392407017677 | 
992625396630419 | 
986962330721306 | 
1281423300811374 | 
1362098392459463 | 
1602225357533539 | 
1947011636000355 | 
1007616858684094 | 
1485865199662035 | 
1281280467061537 | 
1321844856076689 | 
968761619346860 | 
1288087716853766 | 
1469143604591617 | 
1002205852527368 | 
2044030209840083 | 
1702148364162446 | 
26376443255384940 | 
2211777846226594 | 
1973328316630644 | 
752709384529756 | 
1368985288469468 | 
2265048174301950 | 
1995187371372201 | 
1417264916752698 | 
1898087590881038 | 
1491915935979066 | 
1911384469583418 | 
4405243653097745 | 
1350762083768395 | 
1522299172873599 | 
1671331364320649 | 
1577620953340620 | 
846023215223414 | 
1267275292267497 | 
1311057337597399 | 
1262175436045824 | 
1442952147053544 | 
1611280283693722 | 
2039990489884099 | 
2157092625057176 | 
1292599945574768 | 
727950823714822 | 
927043860150796 | 
1763178677996452 | 
26711237515152964 | 
2010276879916146 | 
1652139092586653 | 
2025232438083890 | 
1309633024612309 | 
1943992249597498 | 
1121423547719484 | 
2175210803211844 | 
1612062823409579 | 
1273189404936535 | 
1709729783531320 | 
1477331787039720 | 
1531266408613377 | 
1580580953685158 | 
892316863833310 | 
