26509473541994213 | 
1452782869668393 | 
936655672043973 | 
2732106133789640 | 
1161257435904427 | 
1636133724195270 | 
2007387810193769 | 
1625417555310630 | 
1912352762821036 | 
1426315325762951 | 
1433481004994672 | 
934957155773161 | 
3908466796123380 | 
1624895972259203 | 
892706297010691 | 
882543387932005 | 
1395288489063275 | 
1608780010450243 | 
936261252177829 | 
897790576583352 | 
2724300687930998 | 
929521566659361 | 
27107401548847249 | 
2078202452747182 | 
934961719124530 | 
779827345191042 | 
795150656732529 | 
1990040171725202 | 
1222166296178383 | 
933070769190944 | 
2021385542112802 | 
1473636110766269 | 
941269748352625 | 
1461512412354828 | 
2443358926123102 | 
1274756224572978 | 
1429751338224279 | 
1261777539222488 | 
2669866586727494 | 
1983146735632482 | 
1866997281351193 | 
1186695743326934 | 
1458991782522248 | 
935361078862517 | 
1318521357001681 | 
912896311353984 | 
1165296782179287 | 
2143927786354842 | 
1987854942115359 | 
1420162472597774 | 
25596427763391915 | 
1253300093028653 | 
2020410305549753 | 
2691870337848380 | 
25004003905942434 | 
3804236043206329 | 
1274212617898218 | 
864740413208525 | 
932785449462375 | 
1227255512828197 | 
1643800343482017 | 
1295736995699837 | 
1850480092334259 | 
2384208705383312 | 
1397154198398117 | 
2243579636051755 | 
1514471340107470 | 
2009503576299618 | 
1622922535511019 | 
1611773259858436 | 
1185578283372807 | 
1244526127658735 | 
1495390132245657 | 
944752544557698 | 
1839743110048279 | 
950843684138458 | 
2471770906597726 | 
4351869531758249 | 
1616298622831817 | 
1993332934954275 | 
1419224316282584 | 
1285399056771795 | 
753178490846064 | 
1416115513096119 | 
889887827356684 | 
1519910966158209 | 
1926277677987936 | 
3004706509738749 | 
1731401991562203 | 
1444430087383938 | 
794232567060976 | 
1217833380509608 | 
2075955832948155 | 
968342316061098 | 
1279180390979310 | 
1298661942187092 | 
781798981181842 | 
1622977168601161 | 
775301181995762 | 
901551172897070 | 
1570047907605778 | 
814050495059890 | 
1285608296334860 | 
2343196019521532 | 
1586954489086163 | 
1232678545134551 | 
868326566220396 | 
956154910149032 | 
784461758036067 | 
957885860229966 | 
1313461884215316 | 
961754603109158 | 
1423590272854638 | 
1560563408336735 | 
26695496103381272 | 
2079153266209134 | 
812469138547498 | 
1249485830065143 | 
1510488780779099 | 
893181723486058 | 
949395854176476 | 
1446679796860721 | 
757529847431277 | 
1306036778035343 | 
1614527010158606 | 
1465162845192810 | 
929617239660135 | 
26126810383635612 | 
1259036372872971 | 
1107866721485890 | 
1623403475643627 | 
1257910282497717 | 
795199886966354 | 
1448990810237492 | 
4129850337266424 | 
2432221027288369 | 
922721767187193 | 
1461661212326392 | 
928874716591558 | 
2092026804700136 | 
1742633113385178 | 
919893444019199 | 
1856075708444656 | 
2116985489098416 | 
936712645986958 | 
1230053822614142 | 
957830066598413 | 
1900540197249245 | 
1667543604598721 | 
932380599649252 | 
931104559464037 | 
1837411610235381 | 
1245825243806484 | 
917701291187656 | 
1250427169968617 | 
905820549091949 | 
968875535672522 | 
933606129424256 | 
1304607331546972 | 
2134277507391326 | 
769104462693251 | 
1151587616984386 | 
1636629260867051 | 
1438601087452524 | 
1612943769757990 | 
1242377517608017 | 
953560260460414 | 
2001941897024059 | 
1250227453726228 | 
938880072436809 | 
1262872051965656 | 
1717308195919029 | 
1644508843414334 | 
1989797002413293 | 
1985942172350562 | 
899531053063155 | 
965813295982152 | 
1389896149821853 | 
1444327593816594 | 
2162866031125898 | 
991821733502589 | 
2119033005513245 | 
1178853670954334 | 
1693869268433070 | 
1310973041127261 | 
1474684494317068 | 
776600795244211 | 
925882250419490 | 
2158451771624187 | 
1327089369468612 | 
1534215015379617 | 
1924977348135047 | 
1668209544201826 | 
4253858704924548 | 
1622029065722450 | 
959848116579159 | 
831557299317048 | 
1251314820519026 | 
1312683480976638 | 
1691596178671029 | 
1263301585938634 | 
1256873396069509 | 
1605064323939357 | 
1480612220095044 | 
1562094931556413 | 
2413409762460304 | 
2895377857464479 | 
26519055397707408 | 
997198249353400 | 
2238483783624662 | 
24916777404687297 | 
1285559567015596 | 
1470977311067511 | 
829449252985768 | 
954941677379288 | 
1964227650870257 | 
965453286011526 | 
1334524451896178 | 
937833542511448 | 
1333748708576976 | 
26049407631387702 | 
1656538542042241 | 
1562136528666314 | 
1247258367522446 | 
1593976001720437 | 
1618370862537677 | 
1574831483574953 | 
1902394080278630 | 
933662619407350 | 
1237957211826764 | 
1990684381841697 | 
947923811424142 | 
1425623525983284 | 
975204141742612 | 
1228456255941171 | 
1833940177318827 | 
1480093860309956 | 
1410451267767302 | 
1635528577660839 | 
975410395042624 | 
1702925150714716 | 
831757889295491 | 
1734910054157810 | 
25586272857712387 | 
4302068943384645 | 
1496742808621810 | 
1578985506525689 | 
1240469911404680 | 
927045853464391 | 
1480580100139735 | 
1493430269075301 | 
1459105152625387 | 
1912020986345049 | 
919990577489815 | 
1463517905473119 | 
26521266960844806 | 
4422166234705916 | 
1462415192039835 | 
2471748883256554 | 
1566477225045256 | 
4282757028644824 | 
1519503083064144 | 
2023151961952378 | 
972787482180070 | 
949741234534791 | 
964149269757895 | 
967576736126899 | 
2203664023716657 | 
2766822887008841 | 
1517290969801621 | 
2165071980974599 | 
1502189648617780 | 
1650363416180842 | 
1305353088222834 | 
953284244159469 | 
1482263563626371 | 
1492919258956388 | 
2440835693057205 | 
875501058892285 | 
952595394262581 | 
3686524378173363 | 
1466306198045631 | 
1884164952292493 | 
2145029703005769 | 
1721979198974435 | 
1292207106225118 | 
2449717525455803 | 
1890073151591281 | 
2501776573639809 | 
2710159402712440 | 
4777222965838086 | 
2548681968895641 | 
2453569038400576 | 
959108793696165 | 
1657691065512714 | 
1008259575196181 | 
1516835326771685 | 
1750346105934512 | 
855894390253340 | 
989674953469857 | 
2506627196499127 | 
968728196073533 | 
26539454582399450 | 
835062362996534 | 
1506223457868402 | 
1275892748072491 | 
1040961448255063 | 
2434738997040282 | 
1018110624115404 | 
1473097627892966 | 
950035357658930 | 
2196843474426259 | 
1417105377125588 | 
1332255475526463 | 
1461385218584245 | 
1653365742442710 | 
1689045642128517 | 
1542693237282905 | 
2004669993497254 | 
1556877089362839 | 
915808871517767 | 
772588899271664 | 
1503048924634210 | 
2139087809996997 | 
1325343609505932 | 
1694255195326224 | 
1656091415681309 | 
860494486518292 | 
2742740332788516 | 
1531473791819958 | 
1328164586119893 | 
1132006349130412 | 
846097578548701 | 
2031104997493143 | 
977335908499784 | 
3873067596321993 | 
1336374821887695 | 
1624939681897360 | 
1678034589981025 | 
2621713291556999 | 
1845409406420808 | 
874132322374556 | 
1537895727710959 | 
1481161503739957 | 
27899188826349117 | 
3275848349265848 | 
971315052536414 | 
751634294706553 | 
2491798731244796 | 
2049157439340106 | 
1014286197951618 | 
1786832865633366 | 
3564722197030641 | 
1558022752337520 | 
1975959529710680 | 
1172721894975480 | 
1106279815333271 | 
1644184260217484 | 
1310779527911448 | 
1724582615566058 | 
1611049963296124 | 
1469451401107014 | 
4315001505481849 | 
996216329799073 | 
1647308783219958 | 
2404065483428967 | 
866629229200790 | 
1014401077643805 | 
2171450256964498 | 
4456450391244943 | 
953170050871422 | 
2059584261661794 | 
