1066812564943430 | 
26052012447797935 | 
1953820181879681 | 
1241800007581317 | 
914756794467820 | 
1591815025423853 | 
795456169549504 | 
2284634278697671 | 
1314350327172620 | 
907920921598964 | 
887572890719017 | 
1456231059206811 | 
607520578450437 | 
1192798479506981 | 
2423784998074081 | 
1185906413280423 | 
1290091866359573 | 
808695995589870 | 
1214354404186719 | 
23970663009297727 | 
1955937908327446 | 
1049331316804184 | 
1703752673561468 | 
598155046184569 | 
1541615643583040 | 
737907898751177 | 
2334806626985473 | 
1430993448564460 | 
1912698666041949 | 
1959926354604145 | 
3414962115336513 | 
938059938567095 | 
756536927534427 | 
1552692479328900 | 
1461896002001320 | 
1561352871839396 | 
903820075723990 | 
2334905043957049 | 
1404143607565332 | 
1294505186064144 | 
1989359064949606 | 
2368510750314512 | 
1257786002864134 | 
874779742068304 | 
861190836742423 | 
1551027243493947 | 
2138193076957054 | 
779488695200885 | 
1241021730726145 | 
1244632954517465 | 
1459767275868149 | 
1223137073343713 | 
34683748771223730 | 
3430827643716049 | 
880756798117278 | 
932445102625172 | 
1239830451586596 | 
891157220220965 | 
923582450120863 | 
1689009169204961 | 
921207837230531 | 
1251238973861695 | 
2404661596662745 | 
1856183085000169 | 
1512735390465065 | 
1878292789556932 | 
932529842451691 | 
1670767253891485 | 
944913684629813 | 
1263963232260183 | 
928054263550005 | 
26661341636791403 | 
1449389240038242 | 
915541361182968 | 
932830775930561 | 
1489996676051073 | 
1374084808050058 | 
1392660262149525 | 
3860883357548966 | 
1817954655549362 | 
1221485163424511 | 
2371367636639976 | 
1407031380669262 | 
907605312233809 | 
941576951631709 | 
1402119751655768 | 
1647165306303799 | 
3299720350190603 | 
1394229012717461 | 
1234038975369422 | 
1814688506240421 | 
1367946141764136 | 
1986279902295340 | 
915539601272650 | 
1759585548687538 | 
1208122331402062 | 
1304231951755517 | 
1640277650498570 | 
1216180373873007 | 
1864787734227661 | 
959406979867842 | 
941598924974486 | 
1193747736238442 | 
1229485672625255 | 
877511168590324 | 
1668088881037613 | 
1451861949724419 | 
1212980707485840 | 
2494434050975772 | 
1463944131882628 | 
2715874128766876 | 
2120143495471468 | 
1979703596315676 | 
3344124715770062 | 
916308277803959 | 
1944060416213954 | 
1840844106579111 | 
961463506277890 | 
2314880155657853 | 
1483141736661963 | 
1597850354587068 | 
1443647773921639 | 
1854824415199033 | 
1655114365930790 | 
2289642268212273 | 
2116855309051624 | 
1587165099001994 | 
1470961797865783 | 
3411535822338981 | 
1217590749954805 | 
981654895033615 | 
1665431551564850 | 
1161598039203689 | 
944552068046459 | 
1459868639003190 | 
842568305461743 | 
1670864897229025 | 
1559379775149041 | 
1381658387095004 | 
940038148975008 | 
2130649744366836 | 
903184292612340 | 
1570831130689392 | 
790214590340953 | 
1226468195764783 | 
1627229858543028 | 
4318575351754762 | 
847276051658388 | 
1446793663565791 | 
962711296235687 | 
898888062787164 | 
1268621481781276 | 
1677628603645925 | 
968167285867201 | 
1599985244664888 | 
799234233226934 | 
1989939381881277 | 
3310728712437656 | 
1490495972781319 | 
4402737126625770 | 
755725043900287 | 
2130995967441455 | 
1632593817874433 | 
1688593738764274 | 
1146557527518359 | 
950441224187044 | 
2691843184518199 | 
2981246755417529 | 
2195881447610978 | 
2053973162198889 | 
1248949986745399 | 
2303372170151393 | 
1843571846351962 | 
798660416035619 | 
890911493772070 | 
4336857243264610 | 
2366880120490248 | 
1667896680888401 | 
1453657689820441 | 
1452339699806571 | 
3301260466722208 | 
1675641546752757 | 
922453934068430 | 
3617655288386043 | 
2058493748262076 | 
1454516259541611 | 
913006344873196 | 
1631208624737771 | 
2057666881474176 | 
931374082612871 | 
765892306584179 | 
1950533945657573 | 
3042106749332785 | 
1209155511296006 | 
940987914925964 | 
1376249197551630 | 
796933206790450 | 
1494566428908759 | 
1941716076713453 | 
2399434297236873 | 
1902885397266133 | 
2331952927293689 | 
2292655524563896 | 
1399624201966857 | 
2564387434037296 | 
870404262708906 | 
1887570908789512 | 
1973411926936068 | 
1977887852848003 | 
1986763155212939 | 
1618432152667302 | 
1253676859669052 | 
1258570542417864 | 
4291324811106768 | 
762220706767663 | 
1955958025028099 | 
2756369188030182 | 
1226355669587183 | 
802344465459473 | 
2141261326621892 | 
2006648699883222 | 
3893359454131386 | 
2168529807285890 | 
905810845377319 | 
1167811658895075 | 
1198970052221958 | 
1334468752031700 | 
4272713272988093 | 
870899779300433 | 
1267673378849187 | 
1654994228834675 | 
931349799491942 | 
1627072855105052 | 
929981303323535 | 
1461068808841570 | 
1205415661703289 | 
33655447114101427 | 
1637434077374587 | 
1321873209746263 | 
916582264354431 | 
913915721166354 | 
2237833780082330 | 
2843499362522323 | 
1465022385231132 | 
2012537406272469 | 
4351314258455037 | 
25373671412312189 | 
1896071124447507 | 
944786898492836 | 
947055017693709 | 
1236559401462712 | 
856595184042711 | 
1248878863453616 | 
1235927785348134 | 
10075946169196410 | 
1394724498524596 | 
3806089529694581 | 
814886364282922 | 
26170414155982666 | 
1564811338117012 | 
928527889827799 | 
3039832529545365 | 
1257593426466593 | 
925068220512869 | 
1449592663494898 | 
1475955073957973 | 
893616826740260 | 
1964965474054740 | 
933812622392933 | 
1426197705913898 | 
829980033448493 | 
26041262355506650 | 
1927222641218384 | 
1247914180298164 | 
920048197296163 | 
1643825163528669 | 
799639002423271 | 
913540837935481 | 
2878350445703909 | 
1210610997954129 | 
1196737925781176 | 
764484019764320 | 
1401528424584775 | 
1129909295872876 | 
2387486331718288 | 
2041500669755634 | 
922077537433835 | 
1284683833478429 | 
1232798811718531 | 
1637850060699971 | 
4347970458823430 | 
3241576049350650 | 
679380228529844 | 
1427648665557051 | 
927029613001743 | 
4488521691376210 | 
1392577022639283 | 
1630341847967246 | 
1906034696691385 | 
1254561679968546 | 
892584953681668 | 
1613311806452894 | 
902645046011123 | 
1635238254338769 | 
909220701840034 | 
1245356633775875 | 
1398598795616425 | 
1224813036517795 | 
938672448821282 | 
1439344217838991 | 
2430986070694950 | 
4301631553458101 | 
1950215248958286 | 
1284496086883846 | 
922862206789407 | 
936970455721009 | 
1455191156231684 | 
961086453762835 | 
935226932269391 | 
2417296635381672 | 
26108357362107475 | 
779520357944348 | 
1287940196593792 | 
1511048297043912 | 
1431100465085398 | 
1592161835326019 | 
2183552649120013 | 
911694438264932 | 
1111599151100220 | 
1293227049447720 | 
855292740825704 | 
1733976217569710 | 
1207376124886829 | 
940940158298753 | 
940158938471080 | 
916302791294234 | 
4072018736275264 | 
1415364310332559 | 
1499161911785043 | 
1798386537518194 | 
4547744225446730 | 
1679638936530509 | 
1390748699403392 | 
821160874321779 | 
1922289965340465 | 
1627714934909672 | 
1932878847312219 | 
1219475093630704 | 
26140563042251531 | 
27080285531561465 | 
1221725693445806 | 
916033251003715 | 
2378629545967959 | 
3142887959228199 | 
1268567958752492 | 
1073682484970638 | 
982481217682066 | 
1433132391534067 | 
833906683036300 | 
1247151110252841 | 
759354387003411 | 
2047382369489471 | 
2084550195722220 | 
946295177962787 | 
945564651456289 | 
873356218804940 | 
926788653257162 | 
2347203249053249 | 
1461493065760135 | 
1432855315230691 | 
1055040281018811 | 
918893097765800 | 
4212433055684933 | 
870184025834604 | 
26513971808200252 | 
1737748250522360 | 
938833092428085 | 
952659277216570 | 
764791136405239 | 
2157815338354940 | 
1242049593923758 | 
2378827105918757 | 
2513092405774652 | 
2767115390301013 | 
869977866089491 | 
897645153053261 | 
1223039289971708 | 
1307074498113727 | 
3067015187021275 | 
1103034985301837 | 
1256721245807935 | 
1405818257507317 | 
915632437849505 | 
2252883825175975 | 
1173331721045774 | 
1533716074637673 | 
676196392223688 | 
897076449635851 | 
886152580775491 | 
1344492270512381 | 
1185380919605661 | 
1366933778380281 | 
1175425721104540 | 
1018608307131762 | 
1830369740917830 | 
1484790692627470 | 
1180475314021452 | 
787979300756883 | 
2400739760341891 | 
2030362907728895 | 
1294345282267892 | 
714932718233320 | 
1076019117838937 | 
852203830695066 | 
2734865326844649 | 
1838267527058229 | 
810955718472673 | 
1564671648106899 | 
1396131535476555 | 
833042679229135 | 
768090966249242 | 
762360566340900 | 
768443896240463 | 
1936195550290408 | 
869313795470442 | 
24927271766858851 | 
2667919326741366 | 
1760980871183948 | 
1259690895896434 | 
1027227259330038 | 
1089673382984324 | 
1360255922199611 | 
2457123928005062 | 
1261146988532255 | 
803786988953286 | 
1864051271188837 | 
1364874815212737 | 
2231924113923058 | 
1975476489851707 | 
1504477130638739 | 
892822960205334 | 
1312557023943479 | 
743367085242175 | 
885793170804236 | 
1291687769300078 | 
1511284780152940 | 
873712365641436 | 
1741070010131996 | 
2891387777720890 | 
622608960867084 | 
23943139482023705 | 
758827660201526 | 
1323257296268475 | 
2606658363010686 | 
3262158970614274 | 
777450831549026 | 
1636034074416718 | 
720532401153385 | 
1064877035784537 | 
2046221749484961 | 
1285033536830984 | 
713759451772393 | 
1168743878649126 | 
855853783815713 | 
1874922696480886 | 
4136744946564937 | 
807719061842996 | 
800283039142176 | 
1086524356662484 | 
2004555190389841 | 
1599359427900162 | 
1820556755272167 | 
1686394085664711 | 
1231430498504714 | 
1630023231313643 | 
833190915786980 | 
1605440177541952 | 
1202042455391124 | 
2393223247775657 | 
806336142405199 | 
851388317343491 | 
1140266664852169 | 
1458668245823901 | 
1453529422784861 | 
1230727065698841 | 
1361467942373486 | 
4012631699051328 | 
1452341549902864 | 
1056665993283258 | 
921836856913738 | 
1186184810083260 | 
1062478162751315 | 
1253048689679095 | 
896844116510671 | 
872680142386225 | 
3856659384628252 | 
1295869148706969 | 
1378070987044996 | 
1260285205784078 | 
1183866397130402 | 
1223691052620897 | 
2015858359235007 | 
1884145572189418 | 
910951811548730 | 
1422773225597371 | 
1198478665731899 | 
9697435973713383 | 
867360329159091 | 
1913457695924445 | 
1189698102920510 | 
1164760495389505 | 
24864097119921364 | 
1029891652550715 | 
25632066366405012 | 
1628262504864532 | 
4338238349741523 | 
747226078319321 | 
896571846667890 | 
2860459434164754 | 
1486370419168144 | 
839314795726496 | 
1928758317734324 | 
820755967010979 | 
32234893622820625 | 
1380124740482699 | 
796809769845953 | 
1131013925543182 | 
2097404157675360 | 
1228369622560593 | 
1798863198227696 | 
26573961195539888 | 
1370097894446559 | 
3930156557313657 | 
911180918315636 | 
1172499448182955 | 
2077146403018996 | 
760489970053471 | 
789890887415757 | 
1487471132669018 | 
2069939200497219 | 
2262976024159741 | 
643713911951642 | 
1896657320971590 | 
1266304608874854 | 
1526406482025436 | 
2428859547569431 | 
1308704031330555 | 
1735873537109003 | 
1257657822757075 | 
825258080412553 | 
1288967115925144 | 
864222689455360 | 
757018474140708 | 
662756566861633 | 
924164896677066 | 
1634058328028917 | 
827035486449639 | 
1519215829329274 | 
1994067611510224 | 
1226423546036439 | 
1434050614311067 | 
2726140437745349 | 
770232212418453 | 
1322735866000803 | 
1567443404252159 | 
4205857149737478 | 
4009676689342459 | 
4192321277714230 | 
1948355102625140 | 
1443110013920919 | 
2312711532479334 | 
1240153750810467 | 
1611380743459874 | 
4073998302890663 | 
1377442233746450 | 
1919023698684853 | 
1132288022329393 | 
1489625545643544 | 
850399804087030 | 
1323546769086516 | 
24495767716773867 | 
2613314085735864 | 
1469352518528228 | 
857402020324290 | 
1247700453984614 | 
1933182837279877 | 
1286209173342581 | 
2147509605775982 | 
1853652638555230 | 
3338703122950324 | 
4165917190330475 | 
1221640136137322 | 
1075526684765708 | 
1410964050508546 | 
1215071860739895 | 
1563733031604159 | 
1665935961508681 | 
1456022842555921 | 
1147980533991427 | 
803403905855977 | 
1938495776743224 | 
2032519087572586 | 
1484496785984054 | 
1627993361885481 | 
859334309835681 | 
1783563738805974 | 
1270169481105285 | 
1216795083874238 | 
880220384815549 | 
774820091854062 | 
757135690543760 | 
585029474575294 | 
1310570310130884 | 
2171916323618382 | 
883480477799357 | 
1577909129953443 | 
2804217959776449 | 
1202579385072695 | 
779595727941498 | 
866622279325844 | 
1492256645824944 | 
1274670967865245 | 
695306590100921 | 
734976642691880 | 
1797599907608164 | 
1501034891603820 | 
1091195466553345 | 
1895595631323262 | 
701320276115358 | 
934393692446511 | 
1262780835664031 | 
25027040043559242 | 
1566466824694658 | 
1786319062095102 | 
763255159465238 | 
1144317731239367 | 
856398483827347 | 
833314906148642 | 
1339744891190604 | 
774138495360684 | 
1812344856068798 | 
837481682790538 | 
2215914615818355 | 
1524351455434347 | 
908524304893807 | 
879965041165820 | 
3866102870192665 | 
2087532661996619 | 
756901917397435 | 
1192848312935494 | 
1574051133717703 | 
2052604185576005 | 
812374178120373 | 
1228894622030231 | 
1812447396059834 | 
1312760000563056 | 
1330168698832750 | 
1103831985176313 | 
1249372000119444 | 
1590994572139750 | 
1926693661242525 | 
1450161516812332 | 
1526448651782489 | 
24077065331947128 | 
1439426267693014 | 
1303489818637933 | 
828707306440520 | 
1083718793703713 | 
872230925641002 | 
831837909701824 | 
1590625365622170 | 
571450812629628 | 
863449560013729 | 
4214547605470744 | 
1383663409780803 | 
865046755891775 | 
1706878439986497 | 
1880026512905087 | 
1455310412625136 | 
689712474061733 | 
4175602059435985 | 
1705504827278167 | 
943203534942955 | 
854590360275507 | 
1408294950838828 | 
1781760015838972 | 
790680930582191 | 
791380076571466 | 
1083633020628546 | 
4102273890032690 | 
1471630907272944 | 
1780353882622654 | 
798283846056155 | 
1307374287513085 | 
821751787415660 | 
1371788347238230 | 
1261103042608076 | 
1514644843201879 | 
1127792359240292 | 
790656407108372 | 
1521331758868330 | 
874031708529660 | 
1980824299514399 | 
2661217137548927 | 
9847750631989900 | 
1380265110415137 | 
1782729945947615 | 
2984829488379329 | 
813889571005984 | 
1939096723348650 | 
1938041763787993 | 
1388911725909560 | 
1401130904776274 | 
1307295907867562 | 
2317480462034523 | 
1151244056611340 | 
900195236139527 | 
1371641647714932 | 
1175841194667236 | 
1423649342804944 | 
1349395843591568 | 
1363984155381100 | 
789577540073578 | 
1213932920417255 | 
1253630119996041 | 
1125291706079991 | 
682762068153435 | 
1257076193005576 | 
649396374924956 | 
837979758724816 | 
1345876410221721 | 
1619308482382890 | 
1602624984274034 | 
1534670640995488 | 
1082589253819085 | 
759997373094725 | 
1530356308090362 | 
1529513874863624 | 
1501307674474089 | 
1631215417900296 | 
1589888525554747 | 
1630378611643323 | 
1534556507648911 | 
1466105251971601 | 
1383293180199300 | 
3470955166391707 | 
1672166813977885 | 
1353131236394440 | 
1513058426541973 | 
1781683255858617 | 
897622263138196 | 
1270640724780770 | 
818347921315799 | 
1570371510637412 | 
2129708557854936 | 
1328842605028274 | 
738528005783071 | 
1211543517551346 | 
1210036557705195 | 
1449792996682666 | 
1988833025345911 | 
1270594591606382 | 
1545659636474938 | 
697281043034327 | 
865690289473322 | 
892208266735705 | 
1627020285321726 | 
1543479830081123 | 
1475007717968358 | 
1028390312702813 | 
3097383040468276 | 
1680516669304456 | 
1474155180361611 | 
920806227135576 | 
1236343874519549 | 
2260702151113854 | 
1206815804899138 | 
1257745369023994 | 
1391677151954484 | 
1579787116490613 | 
1110710734496435 | 
751521081012298 | 
1405935800770171 | 
25220513637573476 | 
844019861543833 | 
1999799324103575 | 
1095879842432707 | 
810042121812790 | 
1248837450694551 | 
26109571561972250 | 
1381822587048672 | 
1882996885686683 | 
1649191472737006 | 
847972141519434 | 
1428826755101889 | 
1222991113178361 | 
1769252180447911 | 
830994622963547 | 
1941984873324604 | 
1751598875542383 | 
1227099672935489 | 
1341921014356236 | 
985243560264231 | 
1228243479409875 | 
727639583040553 | 
1240935324680002 | 
1180587440623416 | 
760812193447560 | 
1598775581502158 | 
1825202714870081 | 
2729337247406129 | 
1233495558583293 | 
2412513429166006 | 
4266035623722747 | 
732801229449432 | 
850993147445787 | 
823065160452451 | 
831452146266541 | 
1175258820867363 | 
1542673570386865 | 
4426833280880488 | 
2126037178227797 | 
1161441469511424 | 
1531550901265796 | 
860211743271343 | 
794697980218487 | 
927767350210786 | 
1838759000058847 | 
3027241037471089 | 
4273665229557060 | 
880525164646752 | 
1416618586463488 | 
666748552804783 | 
2096270931133282 | 
2414587598982934 | 
1579453386841591 | 
1285914983039263 | 
1507117620547490 | 
1314326780326952 | 
1194490992594202 | 
1992845124883543 | 
824311870120260 | 
1934607370723117 | 
1397408341742058 | 
1524752575426384 | 
26519016351068078 | 
814650961034852 | 
1181341363460921 | 
4277020615846878 | 
970305348990498 | 
25399916859695099 | 
26063880756583963 | 
1456935779188883 | 
1156952689741838 | 
3230904937086875 | 
4256142167999598 | 
1146243854350451 | 
2001858787052397 | 
1964190544496665 | 
919913603948344 | 
1391408765290775 | 
2460805621004736 | 
671242688937519 | 
1385359709673682 | 
681692594902979 | 
27476834198584780 | 
1340065197661189 | 
1878288979564573 | 
3727019157607456 | 
2346520342442151 | 
1363462641435194 | 
1845276482750022 | 
1431512231663756 | 
904326912512603 | 
741520825623565 | 
4099858670281776 | 
1510367104309311 | 
720034811080752 | 
26058824847085769 | 
1782772192415884 | 
2067712023974565 | 
2557983484594828 | 
1492196998676378 | 
1358159671968202 | 
1726602508025776 | 
1088729966744859 | 
3230636563759729 | 
790190337003427 | 
1427006932223322 | 
1181428870598281 | 
1189910523010516 | 
1288659546374748 | 
1825143091712630 | 
860901860003244 | 
1568833030953844 | 
1290909115870904 | 
2431760307255179 | 
1139370765040532 | 
829560456476811 | 
1632345804401679 | 
4313780365574480 | 
829808606544074 | 
1959822711457425 | 
2020448542029079 | 
24964959483175835 | 
1905400120064675 | 
1124088262870338 | 
1539054223887549 | 
788186490603209 | 
1495590314674796 | 
1763721070995944 | 
3764528957177733 | 
690920060344416 | 
2546302895703628 | 
1130260242509353 | 
4586574508241906 | 
837592292381365 | 
1452625026527776 | 
1172329428281486 | 
3719019908393775 | 
1229833658980683 | 
1171860284879309 | 
1172006121043492 | 
1501094511261051 | 
1324966292352488 | 
1849578345668357 | 
1345459963626303 | 
1911117222774999 | 
3466336973504248 | 
1955734178706759 | 
1125046305827124 | 
846610034588944 | 
827802746635572 | 
1157808562563743 | 
1605581297086906 | 
1194221555936376 | 
779791848311377 | 
1809128169807164 | 
820074580627056 | 
3301730583307174 | 
1349727646807223 | 
4366764846889289 | 
718953754014547 | 
1982240749009319 | 
1035682885350566 | 
1914250739184639 | 
1532492794619640 | 
1692579895051523 | 
726288819798099 | 
1947449659153011 | 
1880448616226725 | 
2357459044683415 | 
1472632240699763 | 
2050223842381568 | 
719414981176045 | 
2015094679247841 | 
943450734902798 | 
1416354633598077 | 
1733595750945560 | 
796447813481486 | 
847403281686871 | 
2086944728736403 | 
2419064425191098 | 
951880137337333 | 
1281308527398514 | 
2199247144236779 | 
1599476788017744 | 
2180223949448436 | 
1467431728372592 | 
1481377233649252 | 
1247848730227945 | 
1434430535095204 | 
908964592121583 | 
1316469120360401 | 
1660872748698799 | 
1822932825067630 | 
1496262798773791 | 
1774256813549177 | 
1434585884451415 | 
1642785290197324 | 
962005883408110 | 
968339862207667 | 
953632314021510 | 
1576946016724123 | 
918628464505561 | 
970203095441785 | 
899283986257577 | 
892571227168708 | 
4213672008885088 | 
26606537572275070 | 
1492093562636196 | 
2266583233869868 | 
744476202082853 | 
752784837768458 | 
943430078435794 | 
917058967734202 | 
1273975624828097 | 
1509941000644189 | 
1479270587200121 | 
4132023260372835 | 
2220153698726012 | 
982535554169626 | 
2014372202843129 | 
1238294728287968 | 
1664343051451758 | 
979058661127185 | 
1311521207761803 | 
1254965222796152 | 
998709182502873 | 
2127775718001560 | 
825252547286123 | 
1262643672623715 | 
970978025836777 | 
1950188486374844 | 
1481487240223532 | 
941822418808505 | 
1991145922286989 | 
1932128917670715 | 
884093671263386 | 
973242792050359 | 
2172707606600302 | 
1708095033685005 | 
925784646730952 | 
1456294905991074 | 
930867136537706 | 
1476208490586184 | 
4283411528575858 | 
776391761970081 | 
950707327367329 | 
924198370018011 | 
1519897459549093 | 
950451470856958 | 
1458777155722675 | 
26488895224130591 | 
1280381277548352 | 
806546972524028 | 
1669812164036813 | 
2465934233866687 | 
26538487535839964 | 
2018318038778665 | 
1278968817668922 | 
4392201594335853 | 
953949707123044 | 
2555221231542085 | 
1964755108251210 | 
1487252792749766 | 
1564457747958863 | 
1279983254268507 | 
1457147475896170 | 
27542575361996115 | 
940442558595415 | 
2158821418186432 | 
1265203962477361 | 
1501064594881498 | 
4480459542168891 | 
1253034450144005 | 
1417272510084408 | 
1272191731724125 | 
926622746904789 | 
896217410080107 | 
808082245694179 | 
1603362630872211 | 
1266115252317187 | 
1636205604192953 | 
2204213873664473 | 
1350045680216603 | 
890830297256350 | 
1838183656856435 | 
1424505295655969 | 
1671969457484019 | 
979598258073127 | 
1515919656769201 | 
1913905426153964 | 
1461041912415417 | 
1282347444040453 | 
791025530745855 | 
1209692124313610 | 
852399687877434 | 
915783594668898 | 
1527861512381282 | 
1712515723079723 | 
4201370543445421 | 
933504086238752 | 
1457740445790489 | 
1646742919791543 | 
4334826966794065 | 
25966488866381304 | 
1513038200167621 | 
937329302254644 | 
960935616465688 | 
916732961270878 | 
1598470731448176 | 
2168150453947054 | 
1357960786092965 | 
1433564461838737 | 
1373915231169931 | 
873565389081321 | 
1491745419063250 | 
965077236176839 | 
1725120558898139 | 
1487397722774059 | 
4369622009977593 | 
950039560761926 | 
1244451081107068 | 
1634867954458604 | 
2118657355595723 | 
1266581905564504 | 
1996122467607448 | 
1515870830166539 | 
943393532031915 | 
964454250094848 | 
4384246308457687 | 
1472196488035493 | 
1156246719866167 | 
1131714905747990 | 
980218047910111 | 
879802601764196 | 
1235107815277476 | 
1700290494664219 | 
1468395881403764 | 
34563024523344858 | 
1498812855158445 | 
1635347944274284 | 
2011822353048080 | 
1694172528692674 | 
1237615108527235 | 
2083672188874774 | 
984062290795600 | 
1425685755441849 | 
1477448180406811 | 
2024791218134863 | 
1646422400008610 | 
2100761570837354 | 
3428494160643205 | 
1450580190126980 | 
1398631715612660 | 
826709486444745 | 
1425963055997921 | 
2324378115081049 | 
824881039943473 | 
1434564521475564 | 
4273023899681779 | 
2049202495645334 | 
944684608176536 | 
1950643922996714 | 
878868301640291 | 
1189887789738875 | 
870801905973800 | 
944135244776573 | 
1482010773574119 | 
1773434296672421 | 
935265269096810 | 
1296326915726028 | 
1632316364471354 | 
1266368535038015 | 
1654854068981319 | 
955957830713287 | 
1274692860713410 | 
1907882649861963 | 
1489897749330126 | 
972117985273181 | 
1510667447161753 | 
1509798734211038 | 
4392217191052632 | 
1620405555701173 | 
1285674717110283 | 
881274477582012 | 
857215583455855 | 
988530566882241 | 
27097585703245120 | 
1588571375538385 | 
1685307692497292 | 
1183841387177771 | 
1921432758527923 | 
2294430937752908 | 
4437134986546223 | 
1011532921294500 | 
1999728361420353 | 
26857036120632184 | 
25993080223700419 | 
1602710630826470 | 
1510573120447988 | 
1158551339732086 | 
1512374500901284 | 
2151527182304935 | 
2152481205544752 | 
1516700286790407 | 
1434379015370581 | 
26486949027649633 | 
1615105386244199 | 
1359667892736485 | 
1585740269390835 | 
829503260230597 | 
1439003687975882 | 
1486053469514547 | 
948338351380227 | 
952069037529763 | 
1665795191128652 | 
865753799882475 | 
2550616812060622 | 
1323607543013248 | 
2035012083756225 | 
1586027766199907 | 
756400804104977 | 
1335123828565033 | 
26981115711519028 | 
2926990080967465 | 
1665275978045859 | 
979796784662952 | 
962695933057811 | 
2138192626747289 | 
1526806415458419 | 
1620697856141461 | 
828368649957264 | 
2004564253493153 | 
2199917984109243 | 
1922246915160772 | 
945933351681444 | 
990872170474695 | 
27235401506146413 | 
26527550666927225 | 
1837780210534597 | 
2109115583012448 | 
2301266177072171 | 
1667623964405995 | 
1620111339068173 | 
1310664743880289 | 
26766879376306782 | 
27152159254444483 | 
37321679757430951 | 
1352500230110295 | 
4325565094382794 | 
1273441284870236 | 
746711235170306 | 
1023858293630617 | 
970800582429991 | 
1264371615912088 | 
1525281598989080 | 
1522510426026346 | 
1972862273318110 | 
1391187536175625 | 
1305079817884812 | 
967613816112723 | 
1262617155689308 | 
1033358235836606 | 
863459019555457 | 
2409243589597518 | 
1001016835911925 | 
1521735966255139 | 
1546987497010734 | 
1533383951750582 | 
2091648315114838 | 
1229135659160331 | 
2117897692457083 | 
1518249876497275 | 
2313893889140618 | 
2584825821973086 | 
1291160933084319 | 
989694900679981 | 
1543331154015738 | 
1013184917720619 | 
911458804686258 | 
1314066663560423 | 
2175290996604923 | 
1681831132856637 | 
3639881352817458 | 
27250977251185933 | 
1030114773033525 | 
1023053004006706 | 
1173391041591205 | 
1000784612532820 | 
1374663814489892 | 
1467915154622502 | 
1003731185373669 | 
1274239444699144 | 
1304849091228652 | 
1300712702213905 | 
1026775666583626 | 
1002095865697234 | 
1320405896883852 | 
2357937084694707 | 
4474399372829522 | 
1369473511745172 | 
1286825916520264 | 
1508367594347711 | 
1878376696131959 | 
1579763290331022 | 
1022424150294550 | 
805231412520908 | 
1287626853456889 | 
2106251856968080 | 
863989432844360 | 
1560474818743759 | 
26319374047735888 | 
2212859439525802 | 
1294410135730135 | 
27472702332333765 | 
970660852447190 | 
852880747258804 | 
1273121804971541 | 
1523201159502395 | 
1995354521058618 | 
2053937122194252 | 
953689037466102 | 
1608820540221961 | 
1267182398730041 | 
1633429674595455 | 
1497356622176740 | 
27225295890416288 | 
1445901010641933 | 
1499861755070062 | 
1510240253954736 | 
1548407816864569 | 
850964094715282 | 
2235245540572215 | 
4368671376684554 | 
1244239847585246 | 
2410705842769306 | 
26558863577119141 | 
2264968264328438 | 
1716146976236716 | 
2954064151602927 | 
1535301151290022 | 
1326251669384869 | 
957106796947602 | 
1088388500425557 | 
1012938384563958 | 
1002648129093961 | 
1648004586421343 | 
1317364526493655 | 
1327223329553180 | 
916489071409304 | 
1341301107929615 | 
941085885415600 | 
1823911831913017 | 
1212384890848788 | 
958483190411668 | 
2215396072530004 | 
1324906576204004 | 
1290853446551874 | 
1283325570568172 | 
1709585133377384 | 
953941447628327 | 
2193564494746855 | 
1579188660440011 | 
1494664352202378 | 
4404871589832211 | 
820825644422073 | 
1520847202946751 | 
1527089109029314 | 
1605487554015411 | 
1623859125538959 | 
994017586513382 | 
2190599761740817 | 
2334658020390308 | 
1005325372025037 | 
2034870840397012 | 
1694812794876756 | 
1236173461926263 | 
1469336487665242 | 
2501609523651639 | 
1520477596137702 | 
864743419280722 | 
3381394398708536 | 
1495081602016500 | 
1912459476111073 | 
1735748807805512 | 
946507114916911 | 
1282640220709515 | 
1501347908028186 | 
933727182605270 | 
814895418082381 | 
2037403076809872 | 
996643562756314 | 
1537204127765644 | 
2268270987314787 | 
1304822788233360 | 
834772012579240 | 
1318870977089953 | 
1599285151171962 | 
27501005236156526 | 
1281585467011188 | 
838264509356824 | 
2209560996481086 | 
920925284308961 | 
1514182766761730 | 
1567156348167774 | 
4048237552133191 | 
2204414790326004 | 
2038286283422602 | 
988486333637944 | 
2176787129526570 | 
1473003837901831 | 
1706721497354679 | 
1840068099993427 | 
1559964132402396 | 
1704469520561374 | 
2196892654479971 | 
3944919325812322 | 
2887673771576190 | 
26953127107710272 | 
1006098575413946 | 
2748480005521281 | 
1502261768288863 | 
979480617824515 | 
1443305930264439 | 
825583023925390 | 
911466248550554 | 
2201776517256365 | 
912231401813673 | 
1636662927594362 | 
965864102739223 | 
1903078290356864 | 
1700330504662136 | 
1348098007191339 | 
849755214853994 | 
1474226834171613 | 
806465548918847 | 
3275354212646750 | 
1342523037688520 | 
3046663808860301 | 
1891369308915813 | 
1520471766102749 | 
930458833324376 | 
828788186951442 | 
948989058119273 | 
2238552540281586 | 
961524309968581 | 
1466321038571803 | 
1839109483330167 | 
