922978825845860 | 
1261549142594799 | 
1254146643000213 | 
1199309605008866 | 
932088399619486 | 
916844887888288 | 
1447982567031498 | 
891313417222781 | 
939900861785438 | 
1211389441162806 | 
1140970411444254 | 
1593560591898272 | 
1363585534705146 | 
924440010585314 | 
1477883350393745 | 
3189860087865084 | 
26203891185932243 | 
3390805951087560 | 
962190912989236 | 
1637367420938650 | 
3265147333655272 | 
1175812214500101 | 
1453089589734618 | 
1708024820555678 | 
2111487176350629 | 
1112596794343046 | 
1204840321465485 | 
2040101303216590 | 
1247993460777839 | 
26048423244821160 | 
1656695565676865 | 
1762583625148678 | 
1558120668610264 | 
2005909573694893 | 
1249245170686821 | 
960567549659899 | 
1177752627133350 | 
1175178021218611 | 
1915320152681763 | 
1461353502039178 | 
784473057678803 | 
1624054452047503 | 
1682462616262223 | 
1262922118601892 | 
1560064265055523 | 
1989371971791561 | 
918812723848009 | 
945274391523250 | 
894680320063300 | 
3444450012385308 | 
1268504915244590 | 
1393013072596145 | 
26581826238120729 | 
969346059376415 | 
2287705028640904 | 
1851544022229175 | 
944128661638394 | 
1479196023567385 | 
1304352105089251 | 
1007294662472755 | 
947893931155595 | 
959515373276273 | 
1453773053122446 | 
944459941472121 | 
1760693488642067 | 
936467848933542 | 
1482462103220809 | 
1661678981686471 | 
1622801372138567 | 
1447336700522991 | 
2018916228729238 | 
1497280675122519 | 
1270570225030656 | 
26851315997807177 | 
1510517947103938 | 
26128994176721260 | 
1472822704366678 | 
1573832953713929 | 
2034852534119074 | 
1744328350344439 | 
27148124431454182 | 
1581178609847686 | 
941208782182881 | 
1323328312965967 | 
4372306916360566 | 
971094325346912 | 
1641843533723342 | 
2136131780471992 | 
1952572092317923 | 
1894596291189295 | 
879895865078731 | 
1617790449272354 | 
2036116237302386 | 
922236410627471 | 
1452700323314401 | 
2431014870685301 | 
34293096000338515 | 
795701390247593 | 
969111865800674 | 
942575238177045 | 
1455042502991513 | 
4198510647065193 | 
1235631012077347 | 
905950545590493 | 
1294432622573373 | 
952571697358350 | 
1217266670391478 | 
934574169386062 | 
745185501865291 | 
966650956027579 | 
2023697974860641 | 
1719193412785445 | 
1479987180317463 | 
954439070263390 | 
2215708782567057 | 
4534814660137317 | 
1604376154201631 | 
1568349850894812 | 
884151974623218 | 
1499551585124098 | 
1875077809876021 | 
1888514321797972 | 
1930648430876917 | 
4502430413320205 | 
890064880701712 | 
2126424527896830 | 
2458144217990048 | 
870731862633830 | 
961374429598152 | 
2467998986947592 | 
1633947217645391 | 
2398542933928816 | 
4381550982167873 | 
898192833212895 | 
930732229675374 | 
1584588065937032 | 
918629960961328 | 
921998390582868 | 
1512751773602596 | 
3397922290371502 | 
817088611423807 | 
1269832748615804 | 
4494532207542017 | 
1562224554871853 | 
1230769589041105 | 
1607890290544169 | 
1672243763801970 | 
2520200898438864 | 
1297489325571393 | 
1453438396252416 | 
1624963305415129 | 
913497791590569 | 
962959296263973 | 
2636751573387408 | 
1266236995684882 | 
1511833117033906 | 
2211009126339278 | 
3210127215835956 | 
958595506703967 | 
1665344531165554 | 
1711263586946704 | 
3501633579994270 | 
1415664423246687 | 
893664320108322 | 
1329358065614995 | 
3161543590684447 | 
1198951432403961 | 
1587315065635916 | 
741124095506241 | 
1442584737593228 | 
1884983308798356 | 
785829240790144 | 
1398993064997987 | 
1893549851285974 | 
1630757781261122 | 
1635761317464779 | 
1285033036824874 | 
1434591384873273 | 
852530331119492 | 
1137485975083921 | 
750287624543586 | 
1822714995060101 | 
3516687075135771 | 
1339317548083742 | 
1834278880577889 | 
953543497002121 | 
1225726939160045 | 
1398642384795156 | 
1648330602857978 | 
724908287179484 | 
914992948125845 | 
4394185260814974 | 
1722769695041494 | 
1255373866446508 | 
2915222671997940 | 
1129194662563331 | 
1109457327984307 | 
1360324861682179 | 
699377123214642 | 
1386005806028307 | 
1918949272231610 | 
779524757926598 | 
1902148104037507 | 
789108827440716 | 
2992774520905274 | 
1115095817499781 | 
2154129031777717 | 
1517734499194959 | 
2640579539623321 | 
1523164652255843 | 
2715562228835284 | 
739848715343169 | 
2466517273745823 | 
1876169089818728 | 
877467851592853 | 
2168806720299259 | 
785976683782460 | 
1823399878543665 | 
1539074087111298 | 
2613427615693441 | 
1531372214508184 | 
1864466187528070 | 
3646512442318431 | 
1231186288693694 | 
1139267275077286 | 
814779780909131 | 
2079458436122025 | 
581682381575563 | 
1201217141858433 | 
893203399678584 | 
2643887195987767 | 
2052165528853925 | 
614634357897698 | 
754334197513331 | 
25036427222724011 | 
1084981630478264 | 
1370141894743354 | 
1270130328175889 | 
1634466034406167 | 
650517584809632 | 
1310957124079808 | 
850023604416638 | 
2114890579279082 | 
1556333072082934 | 
842441111606460 | 
868151298898506 | 
1922895598561310 | 
2933597550164711 | 
1088056410075647 | 
1208922137861136 | 
1375972693695868 | 
1066742818964449 | 
1206515834959130 | 
4360199554303128 | 
2492855867834764 | 
1271775228208754 | 
1357824945729071 | 
1224573409526894 | 
1590204528798027 | 
701613139655791 | 
1179417483982619 | 
922038013711801 | 
1893247088267947 | 
1536023917738861 | 
1362653765662935 | 
25174393125554675 | 
1671033133868599 | 
1232745205250987 | 
1722239441801930 | 
1305335541052498 | 
789721004058624 | 
857129367221995 | 
1368549054609077 | 
2652938781764524 | 
765625129189349 | 
1387769576410953 | 
741910628995113 | 
1096156768780733 | 
732551346173387 | 
634311645637671 | 
727924893152949 | 
24327348903619306 | 
3792082967766418 | 
1386258159971216 | 
800532492941000 | 
1171632254506289 | 
2607453679617030 | 
1147486000698883 | 
752451217540349 | 
24879853215002898 | 
817037634368387 | 
662280372932861 | 
2165254763985521 | 
1983548892422668 | 
826023163755095 | 
692397177256099 | 
693787653451453 | 
1469929017418159 | 
1285031333146083 | 
1852892758708699 | 
1230390745438529 | 
1255409616070181 | 
1803333467132952 | 
1952263372033734 | 
1039619421656792 | 
4214608695462066 | 
2093264021524742 | 
843739861658379 | 
25467297059578289 | 
2309590382815860 | 
1302841591363046 | 
811400985287344 | 
1894436731493939 | 
1143577304622683 | 
1129095039080131 | 
4149126115328871 | 
2469931966711162 | 
704649889230289 | 
857879596895768 | 
688314757300704 | 
1472798224145460 | 
657406726792302 | 
842483704899851 | 
844157635233849 | 
777624671956404 | 
3297279657098794 | 
2922396601255925 | 
855561023472478 | 
1393298099083304 | 
1298320108411190 | 
1639105420389001 | 
1386682126113743 | 
1298911118357412 | 
856026660204420 | 
1628703458093849 | 
875752438618227 | 
2140420806365495 | 
24577961248541723 | 
1351057029185043 | 
816652994519256 | 
1450595269570997 | 
1320502683091036 | 
760720490024248 | 
2586966381646162 | 
1139076101711607 | 
564925606558644 | 
676955381729770 | 
1937880193777718 | 
936027512217478 | 
1268794291791776 | 
1492624748534491 | 
1396726702182527 | 
1515182476207534 | 
1575621023624421 | 
839244958725840 | 
1303268104900827 | 
1165320018984007 | 
2552591381784494 | 
1035198072041499 | 
1320199669932835 | 
2249138472174364 | 
1130750432477433 | 
1496086478228731 | 
735688272565207 | 
735338579447430 | 
1545011156811807 | 
1462906178189981 | 
586445457755135 | 
1346330606983553 | 
859262413103915 | 
1070368344688457 | 
1008229654629951 | 
3188603494640172 | 
795344013091824 | 
1400467627698168 | 
2182359305904784 | 
898663395867085 | 
4157289234584239 | 
1393351765846146 | 
1980590329157302 | 
2155462068279321 | 
1172665481642060 | 
681184018206124 | 
2343685452707609 | 
1814547352559969 | 
2289084571502199 | 
1549819392880653 | 
1484612322540881 | 
814088634706472 | 
1165259775438187 | 
617230651457960 | 
1168677138695028 | 
1521579099111977 | 
1988573871875441 | 
755161717235623 | 
822590523945346 | 
25394911700138717 | 
2252211335237461 | 
1101517641851631 | 
1825973334714636 | 
1317357099947110 | 
4408112662844411 | 
1546295099907513 | 
1123853059736895 | 
4282279172041034 | 
962682795985224 | 
780765644927719 | 
3657186787754035 | 
819099134229486 | 
1736477873669437 | 
1470604100884296 | 
1970841550209199 | 
1746118812736766 | 
863728242695691 | 
699443786446699 | 
3431488570326145 | 
742452811927489 | 
861167143635480 | 
742864175263204 | 
836638375418744 | 
1403496981294066 | 
2203202913521941 | 
752069194234178 | 
1253652096722238 | 
1307666748042125 | 
698329006663447 | 
1535762511135681 | 
1456475702117340 | 
1543821240008341 | 
1025801783058477 | 
1649818619782826 | 
1243920967760122 | 
917304331028868 | 
1994159691155962 | 
794322739724306 | 
770826272658037 | 
2178534382651061 | 
1399454498438046 | 
1121907366555576 | 
1402501534554072 | 
1678568336658164 | 
1652895032557634 | 
4108217592724923 | 
24911942771781912 | 
874138965625245 | 
1602970674063622 | 
1602727771134296 | 
1957516101644199 | 
765233683255271 | 
1292961172755499 | 
1349569900283315 | 
837538478787611 | 
1428655015408261 | 
777756481498425 | 
1253231389513685 | 
2179798739221445 | 
1162120192748317 | 
2136478403517045 | 
2051220055639070 | 
780203031046520 | 
1707266970699638 | 
858857356898015 | 
809592965275550 | 
857704150037941 | 
2620630484962390 | 
1331355685130945 | 
743078384741860 | 
1334446345067745 | 
851738830595866 | 
2486058661766015 | 
2543208286031778 | 
1575391773618058 | 
861598212927160 | 
1355817162671492 | 
3872690832864883 | 
704218248978635 | 
1235959198354423 | 
749742341195381 | 
1263087509032646 | 
894383709763501 | 
1535947734223252 | 
785298291212636 | 
1382967896852513 | 
766236603188570 | 
1123313416635577 | 
1277570384072990 | 
2389225454827189 | 
25124340417223771 | 
872481881894045 | 
741943524865163 | 
4519195375030679 | 
2325662841235240 | 
619638987883645 | 
4283943531856660 | 
687040630953239 | 
1372289861197150 | 
824987153692046 | 
1423553282254944 | 
1907257486869075 | 
657368983979734 | 
1309138744253341 | 
1694575345261983 | 
1205726247987524 | 
1218406153494051 | 
1588979415797086 | 
715694444801733 | 
852249151081381 | 
1299270124857474 | 
801076829232835 | 
1853560521892243 | 
1380577720745643 | 
865483696449196 | 
2098326384296805 | 
713661381357338 | 
30920115847603720 | 
1262050041790762 | 
1345464704259821 | 
2043350369850547 | 
837133862662535 | 
1362287649058732 | 
524777490723376 | 
1814173809280532 | 
1639686854074138 | 
1889393785343517 | 
1237774468363388 | 
793445066416349 | 
705881559098848 | 
1560524455083029 | 
2609242676126856 | 
1474798970097763 | 
1643100656676250 | 
1269167908496625 | 
1602798187806900 | 
903385628695550 | 
1984586645717833 | 
1876273253025066 | 
1419197519309541 | 
1145523374317900 | 
1717617368926494 | 
806775945025535 | 
1282457870291222 | 
693146060183738 | 
1948205939441174 | 
783627190960048 | 
1154007936820819 | 
1673159090505920 | 
1940792773497959 | 
1496601954947539 | 
722477474103342 | 
1817662705530417 | 
775600211610562 | 
1238173950983048 | 
1165130592127474 | 
781646914613756 | 
825528990370274 | 
645221978135546 | 
1175033227544553 | 
1508254633812164 | 
1108658711193109 | 
1753516055353547 | 
903238215955606 | 
838923661958484 | 
800022949338533 | 
1349467403233878 | 
796387806257836 | 
1273058491293716 | 
1106083934383581 | 
2099506800880586 | 
1938605657013831 | 
732650712516002 | 
1541120483636764 | 
817576584159595 | 
2227125964394673 | 
3175919442565288 | 
4078683762373684 | 
1465052961647381 | 
1400939611461902 | 
626136287256134 | 
780373968205636 | 
1263501958289274 | 
24755851450668524 | 
741949158935707 | 
900571962428563 | 
783725480819300 | 
1443350616960920 | 
763874420027847 | 
1271969244428384 | 
1225902369287864 | 
2710095755864163 | 
1324013772941478 | 
665917449915512 | 
1511611096701785 | 
1376628830657418 | 
2038270740259057 | 
1865200514356160 | 
4392640031021802 | 
3857466981220403 | 
1340337347824943 | 
702356425970071 | 
739398129074589 | 
1717494265904458 | 
845462835087327 | 
1477851173411354 | 
701461599564520 | 
1908231880095086 | 
1034187302211606 | 
1596984781285601 | 
25247175574910508 | 
746001334725641 | 
795233423511887 | 
775665962158715 | 
1151740750490008 | 
1442697237489786 | 
1079453234322265 | 
1429339811910900 | 
1936234206955244 | 
819949070361211 | 
2787274664810250 | 
1499015354779264 | 
3331821973650071 | 
2184616702012363 | 
33427725210204300 | 
1175530870697518 | 
1071225675032593 | 
824702860604574 | 
751558221179397 | 
1628117055003516 | 
2558256154529840 | 
1154367856743179 | 
890567586815080 | 
2988127368051267 | 
825499443138892 | 
1366852937863533 | 
873970484973214 | 
2105084340280176 | 
1457840832417332 | 
1103510428499603 | 
1156803049944290 | 
1410238457375465 | 
760310810052463 | 
25021373927446259 | 
1325091372260196 | 
1289479096234386 | 
674250101602463 | 
1175395367731592 | 
1891696435083460 | 
1681912459175638 | 
26515584864695151 | 
873342741889920 | 
1162589269333266 | 
709171498472672 | 
1388053773101533 | 
1194783439486378 | 
1296230948719150 | 
1126487132706191 | 
780064147738266 | 
1489497205475168 | 
3649364785357023 | 
931030519307456 | 
749132514651993 | 
1619477886079212 | 
846992057683286 | 
1343522693568846 | 
1092975852731334 | 
1239158101369128 | 
1371536214773196 | 
1488953132285950 | 
793728069855659 | 
586811880915846 | 
1171136128490896 | 
903560395408858 | 
851684634077818 | 
1247124220654091 | 
2093512357843761 | 
4059181207690419 | 
1443295060209544 | 
1644134627028485 | 
1280943593664629 | 
1179990337424531 | 
1251667020034264 | 
2299910777127178 | 
905239345786462 | 
764441925984587 | 
1337349051768619 | 
4052172985074175 | 
3998368940415565 | 
888071943573685 | 
1498673797905794 | 
1257405442315898 | 
1487557212336970 | 
2787095051638615 | 
1105667654268645 | 
3092024890971540 | 
1387416376325652 | 
1461229725641549 | 
1421897309108257 | 
1643583417078716 | 
1613177263263641 | 
941413774974603 | 
1176538037926440 | 
1340553307815880 | 
1206522637990713 | 
1202724078129529 | 
691244570731061 | 
970180622075777 | 
782018674475227 | 
2005173816988059 | 
9606247926144990 | 
1912798502989773 | 
1561335665212011 | 
1388081063062887 | 
1086141697065633 | 
876752561449318 | 
25664801779770974 | 
755086680755636 | 
1978350999564573 | 
2381145535681147 | 
1104680687824998 | 
896162052919796 | 
702525296135309 | 
739468262565030 | 
1559847815052455 | 
836916965713047 | 
1371970800839824 | 
1119107176816930 | 
4234779386789000 | 
1165948012395665 | 
1140756014778355 | 
4184708268428907 | 
794120106514044 | 
4381853098761558 | 
1290318849492856 | 
1237405908185959 | 
1911009056960470 | 
842026415282531 | 
842600801468335 | 
4280892295463418 | 
816628224790750 | 
619914411177034 | 
782924361439691 | 
1450300196285226 | 
2239041339938937 | 
1461461831560369 | 
30955582780754022 | 
2234509380350688 | 
803366332746507 | 
801103679419399 | 
2217514712106117 | 
1423161125636685 | 
789602706839129 | 
1084280660437518 | 
1590116212179944 | 
3248068388694631 | 
1629235828234789 | 
1168664958661948 | 
1508616927170595 | 
1489897792122187 | 
3580409372254581 | 
1457924329322296 | 
24550665591273624 | 
1147554777424799 | 
1122914389938294 | 
1148689040587656 | 
1448405160619568 | 
839063119105407 | 
952082614147209 | 
2418132991993401 | 
2902782769922336 | 
2044605852973882 | 
834134332806414 | 
1404965460797757 | 
3738142176483005 | 
710089151685799 | 
1622547089078094 | 
4438100136476588 | 
844033028207772 | 
908463041583433 | 
2076733389838624 | 
1939543503632085 | 
2875431852652611 | 
1920186232179251 | 
1163806815356425 | 
2918213041720824 | 
2733511846983089 | 
1557341158754329 | 
2016697862453685 | 
1149567277367234 | 
1910257599526900 | 
714393885080584 | 
821218524334259 | 
4583876051891227 | 
1567742740930314 | 
870020122271824 | 
2043647552839685 | 
5074465226174219 | 
4026072740987402 | 
2365864700545238 | 
1605230354035279 | 
25108878648805651 | 
1437814371385902 | 
1071692031670355 | 
852700777602778 | 
1327493202391906 | 
737661692014622 | 
1807352393221884 | 
658569573890797 | 
1168333561931074 | 
2094103811333172 | 
1728009147869438 | 
1086582487860812 | 
926472046573562 | 
4323388077943169 | 
872550455444153 | 
1575883213552588 | 
4367023056903955 | 
1592011472163005 | 
831274236201463 | 
1157830059220962 | 
1962637394601606 | 
2724549951216506 | 
1526099425307087 | 
1191470859518954 | 
788147320930904 | 
1350652523497902 | 
1367939091725404 | 
1517615989546155 | 
828519956802138 | 
1163234258585812 | 
703097249114941 | 
847918767872298 | 
1140006861633494 | 
1539626853902945 | 
1554763172221788 | 
1931639457781495 | 
869846092196805 | 
1143962441153113 | 
2000890324040992 | 
1807312550145127 | 
1520439049216264 | 
1440178557898552 | 
1308703507831255 | 
1450430026868766 | 
909667071853126 | 
1296203022487222 | 
2303918546803706 | 
952817710798387 | 
930248399652081 | 
4157225387920956 | 
4528886147340050 | 
2058591514705496 | 
1288305449861704 | 
1703282097641604 | 
828498482919764 | 
948899984283433 | 
1481770900072264 | 
1459755782452285 | 
857391407339824 | 
25805155632514004 | 
1295099545846726 | 
1264835675840394 | 
1628750384914540 | 
2123653721753782 | 
967659002281874 | 
1473993587692713 | 
1141473694747268 | 
1270221107899010 | 
25839044345774274 | 
1655147755500615 | 
2177699816382171 | 
2419092581869862 | 
1623934075486171 | 
2660150068140613 | 
1255677566687273 | 
1622822832389201 | 
938068892051537 | 
1251043857145216 | 
978136138726601 | 
2467488340377359 | 
1634611787687622 | 
2200117027462900 | 
1458255489365300 | 
4439206919682323 | 
1647503656370177 | 
1811186353179141 | 
1216810123776124 | 
4489331074718143 | 
1587606262540705 | 
1264244235592180 | 
930202623262626 | 
1665837747949124 | 
26757000470550263 | 
1851161392938719 | 
1917340938900319 | 
3089363097917789 | 
2962631723934975 | 
831606125935194 | 
1461175235602598 | 
952651837615919 | 
1444932197071888 | 
4430168293930501 | 
2204451463642517 | 
2302636186891563 | 
930950969569149 | 
1440198720916428 | 
3252739421692013 | 
1865347984084822 | 
1833102654026270 | 
929796583239796 | 
950095094232403 | 
1216388640630368 | 
927992426744735 | 
973894228411294 | 
798037560039601 | 
943396481884212 | 
1465026975406955 | 
943060675105639 | 
925563467056153 | 
1485572823096023 | 
932270516376741 | 
1632944587733132 | 
951131827457555 | 
958776943275446 | 
1652257072484058 | 
1608579820562281 | 
1982236209294147 | 
24387646970909547 | 
26533605382991187 | 
938962258967455 | 
26301338582849122 | 
988225256870207 | 
977025441648614 | 
954968060655825 | 
2849328525427640 | 
1607188003842272 | 
1745398556828918 | 
1540359014377532 | 
2090396045213021 | 
1313977407340058 | 
969996475398224 | 
1881038659247522 | 
1578905353174506 | 
900847953049677 | 
966750989671747 | 
4023560861272459 | 
949189887880882 | 
1736348354409893 | 
2174427630003481 | 
796097793251081 | 
1541808164326538 | 
1288005503039103 | 
1623957995580546 | 
1167124715553949 | 
1004072465639994 | 
1517178103109489 | 
1231716878784092 | 
1300168115389174 | 
27059805540291365 | 
1874556036544664 | 
1295042575886046 | 
3181450085372554 | 
2189180151891466 | 
1689472875382087 | 
1550985413693651 | 
1491248135931790 | 
1456933882878640 | 
1851057215567624 | 
2389535714882343 | 
1507221831042427 | 
902773699415862 | 
2058660918363197 | 
917512627294897 | 
27205497835757432 | 
1679180816556853 | 
2756371608068317 | 
1628136698406142 | 
1986518885300730 | 
1477339530601489 | 
2079143786003820 | 
1494634578731026 | 
1229055485693679 | 
1446910614094706 | 
1268541548185283 | 
968720499439894 | 
2545074445923332 | 
1813426516731461 | 
1457766242749984 | 
2004134417171045 | 
2414227129038456 | 
2358746921279208 | 
925576730304893 | 
952360354174862 | 
814049337966159 | 
1671073491059139 | 
945126688141604 | 
1655516359106750 | 
2132419340854024 | 
2426412624540278 | 
4391638747748925 | 
1856079391747589 | 
4449246018662412 | 
1963907894486722 | 
1685925352833341 | 
2487430595033932 | 
991594406640367 | 
1321766636434807 | 
1524461579097175 | 
1604721240760503 | 
1467133135086101 | 
960126330049566 | 
766038006444754 | 
1184882080405918 | 
1366563835339071 | 
929470776676415 | 
2152169508961809 | 
1976738306548168 | 
1299855692108630 | 
1522164032624686 | 
2433658817045042 | 
1284371066981876 | 
27627154813541075 | 
1603511344285425 | 
1691135978966493 | 
957508033652746 | 
1027446799857027 | 
1494728822276885 | 
2513296679095333 | 
927143906959759 | 
950821181015730 | 
4545804855745319 | 
1916193315790705 | 
1970062696945599 | 
1617021179350732 | 
941073928820844 | 
2737967866585582 | 
1622282158993313 | 
925218427064200 | 
1742426547165787 | 
1459016649292956 | 
1641705910451354 | 
958162106751609 | 
2171703486929017 | 
743000668824773 | 
1021331480239173 | 
2048262179121485 | 
1889550592432318 | 
1049872977468913 | 
863886539518752 | 
1273098848279671 | 
2051505665576386 | 
2050361469197785 | 
1393151195914355 | 
1866892817304043 | 
1490199166102995 | 
972469348857570 | 
1658903772111880 | 
1928523135203279 | 
2936799316516879 | 
924201773785680 | 
919058491005427 | 
1538606357667111 | 
1861761557836951 | 
1537245757751562 | 
1528983432103187 | 
2720898184972808 | 
1666393041278856 | 
1708018833709983 | 
1687057272194756 | 
1028298136208547 | 
987782327296385 | 
1510181893842433 | 
997228526129971 | 
1652684855788859 | 
2810850982619465 | 
1511054243888866 | 
978190578183302 | 
28042394552015918 | 
1523190485922617 | 
4216140138696689 | 
1325690016191489 | 
1338155151588460 | 
1247123847310062 | 
733133833175951 | 
1791800165127258 | 
5277674965790314 | 
951880284086425 | 
1363658038218731 | 
1297551345656936 | 
2264105011188177 | 
1278876907062491 | 
4713495098877488 | 
996827236064254 | 
1436966157598828 | 
782145384754871 | 
2071071420161004 | 
2091769598405428 | 
964172569712964 | 
1344696930891632 | 
969025045577630 | 
1636052300984660 | 
1110354412168962 | 
883896468009565 | 
2239356849802254 | 
27015907128030157 | 
877564841289639 | 
2464340140751319 | 
1521393056040901 | 
1497969282104632 | 
4432322453707108 | 
1495222882051057 | 
1329546229110275 | 
1494530115735928 | 
1710512640393165 | 
2248939389179747 | 
1907159763334737 | 
1296623892676753 | 
4372745666205153 | 
986959360852622 | 
1017560180850023 | 
2208825162854928 | 
824461257124172 | 
1704616464290684 | 
962250496682356 | 
1519611139866609 | 
2239764363458920 | 
1519305506395394 | 
1015385847827484 | 
2099909807548377 | 
1302672902016925 | 
1293750322937414 | 
2086643885582094 | 
1352781380037438 | 
844659452051173 | 
2248013359286809 | 
824293250474774 | 
1300857818779855 | 
1351880710119845 | 
2503874160068515 | 
1697313628180337 | 
1710041870339134 | 
3437465653088044 | 
2468764170243056 | 
995375369540930 | 
2457557711384879 | 
1465388934907900 | 
1699752744360458 | 
1625829598645411 | 
27248943328058570 | 
978120591617499 | 
941720745514072 | 
1703335404428896 | 
2209665119866049 | 
2236323377195811 | 
2229859927759222 | 
930194720076221 | 
2008374799765319 | 
3096651283856476 | 
26268191772883611 | 
891029314010514 | 
856792690126913 | 
949500644127638 | 
1465285008371161 | 
1723672309066371 | 
951349167788124 | 
4773519109541850 | 
987478897097877 | 
2082232178990552 | 
984216957899528 | 
1564617091863548 | 
26475490818780718 | 
2395332280873426 | 
984285127411633 | 
4394855794088836 | 
1787039562273167 | 
1656648395563765 | 
1469711201370363 | 
772838882462416 | 
1965929383999372 | 
4331935560458245 | 
2203501403387477 | 
4413494898921620 | 
1368504085330456 | 
1482025483415943 | 
968402212435629 | 
1680736539784961 | 
1012491068309631 | 
1548098886651891 | 
1895381984494755 | 
1232767315601427 | 
1477315487221470 | 
4379702445633546 | 
1594013388359633 | 
1488204212950724 | 
993884579993572 | 
1866402134008462 | 
1026859239671910 | 
1914641265918025 | 
1427060415839754 | 
1433938395170094 | 
1008109535111776 | 
929746790098981 | 
1970149317204822 | 
2502531310163184 | 
1494843345764462 | 
2015296422403497 | 
964936912789173 | 
861394039613283 | 
2066683667564692 | 
1540447717425950 | 
1303113887896801 | 
1524607322556095 | 
2479989562488651 | 
1514510476671630 | 
1329976829187305 | 
961644922988024 | 
1251022743687422 | 
4413317042282875 | 
965889759528712 | 
1513649567025222 | 
1625288325190788 | 
27471125855804180 | 
956451523679382 | 
1334266225269256 | 
1397844778835776 | 
3001557046712579 | 
1269292082036062 | 
812448971660303 | 
1898844347501133 | 
1014862181195030 | 
1673593373770194 | 
1257432273255127 | 
1530486785750690 | 
2212060785999877 | 
1572265697808346 | 
1573748724371613 | 
1276474484633429 | 
925414877167016 | 
2065118034405447 | 
944929855214719 | 
2499393753824385 | 
2035275850359153 | 
1622443532380731 | 
2248558419285895 | 
2841553856179602 | 
1668706877735948 | 
1498735565114970 | 
1719341832541304 | 
937690345567433 | 
1666653077992386 | 
989333180484256 | 
2877209805956813 | 
960802486799506 | 
1230564508965990 | 
3522011058005777 | 
1574989714045850 | 
1443291700930700 | 
4288513661413808 | 
2613481185777633 | 
1507901237441344 | 
2496425610810875 | 
2214632722406029 | 
902089906210602 | 
1327990675890350 | 
959852016781128 | 
1026876956575102 | 
1314126110811845 | 
765109579931018 | 
3418058851687634 | 
1310883821005274 | 
1317537876370007 | 
1454823695954023 | 
1922990595325240 | 
2910007296008883 | 
1352347616946608 | 
979253878029798 | 
960358116772713 | 
1734473120900592 | 
982817674288246 | 
3469663026521557 | 
967086649545590 | 
816273961562716 | 
1477666803316351 | 
1049351871169261 | 
2051688065385968 | 
2807472982924402 | 
1264600772111440 | 
961558296495652 | 
4516502061914223 | 
2029490114336875 | 
2819568358402876 | 
1303669898516342 | 
1599474417793299 | 
825421056883767 | 
1644626273475452 | 
1549846223212714 | 
961233116805637 | 
790202624026752 | 
3184656538589271 | 
1009554424754672 | 
853677440476385 | 
1380359777301777 | 
1297184165213503 | 
1430450889117894 | 
1531681045369705 | 
1679986416372792 | 
1446990647470252 | 
962958296616233 | 
1669219164130803 | 
1695956561404433 | 
2039345950296924 | 
844291654840188 | 
2201428094037226 | 
1465997051406592 | 
817077874613696 | 
1697434924624033 | 
1270421748625398 | 
1526574702466370 | 
3501971586641751 | 
921169500969541 | 
2903946693141400 | 
2463497054164937 | 
1735018604596989 | 
2347664679056589 | 
1232502438805694 | 
2125091301759644 | 
1907152936612721 | 
1034917332435536 | 
1720349002314583 | 
1377844484155134 | 
1408220821067555 | 
1305653301730736 | 
27172621759089119 | 
1894909344531943 | 
1808842773422983 | 
3449588498532089 | 
1057248030103987 | 
1324947709632356 | 
1740575280691251 | 
2584275598654553 | 
1299841498308190 | 
1454795086413062 | 
4488298354821746 | 
1668804654381815 | 
975368925101149 | 
1644606103426752 | 
1833430991364344 | 
985547600788112 | 
1492156165682380 | 
1620933282333081 | 
1716321976451151 | 
1779814763381013 | 
1033103236054081 | 
27898664503051421 | 
2222112761935543 | 
2250134949147587 | 
981466587932835 | 
994944926341687 | 
998326946525985 | 
1475384277179346 | 
2046659119564711 | 
1698745711441630 | 
27017137064636369 | 
1012528034454178 | 
985315377719246 | 
1483281552801018 | 
27111968101745972 | 
993713079931404 | 
742836438891288 | 
3308753562619423 | 
