922978825845860 | 
1261549142594799 | 
1199309605008866 | 
967373755795532 | 
1363585534705146 | 
916844887888288 | 
1211389441162806 | 
962190912989236 | 
1459755782452285 | 
3265147333655272 | 
939900861785438 | 
3189860087865084 | 
1453089589734618 | 
26048423244821160 | 
1249245170686821 | 
1177752627133350 | 
1989371971791561 | 
1560064265055523 | 
945274391523250 | 
3390805951087560 | 
3444450012385308 | 
1393013072596145 | 
4284274171842121 | 
1434077397682488 | 
1523202496193284 | 
944459941472121 | 
1268504915244590 | 
1278695234161434 | 
1482462103220809 | 
2248884262587419 | 
1247993460777839 | 
26851315997807177 | 
1762583625148678 | 
1624054452047503 | 
940307322105178 | 
1952572092317923 | 
948421970910432 | 
1461353502039178 | 
2431014870685301 | 
4372306916360566 | 
1342935380974642 | 
3282120985307896 | 
1262922118601892 | 
26484782321147304 | 
1667316620929162 | 
4198510647065193 | 
1317450547100419 | 
1455042502991513 | 
1616103606176723 | 
1479987180317463 | 
4534814660137317 | 
2023697974860641 | 
773934298844106 | 
1627328905086255 | 
1568944337512986 | 
2159210971582838 | 
784473057678803 | 
745185501865291 | 
987708317254652 | 
1745595273085912 | 
913965481401841 | 
4502430413320205 | 
890064880701712 | 
2458144217990048 | 
2467998986947592 | 
1323328312965967 | 
884151974623218 | 
3397922290371502 | 
817088611423807 | 
1888514321797972 | 
1447336700522991 | 
2520200898438864 | 
1254146643000213 | 
932088399619486 | 
1479196023567385 | 
1304352105089251 | 
1661678981686471 | 
1573832953713929 | 
2034852534119074 | 
2136131780471992 | 
34293096000338515 | 
969111865800674 | 
942575238177045 | 
934574169386062 | 
2215708782567057 | 
1568349850894812 | 
1875077809876021 | 
1930648430876917 | 
2126424527896830 | 
961374429598152 | 
1633947217645391 | 
4381550982167873 | 
898192833212895 | 
1584588065937032 | 
918629960961328 | 
921998390582868 | 
1512751773602596 | 
1269832748615804 | 
962959296263973 | 
1562224554871853 | 
1230769589041105 | 
1607890290544169 | 
1672243763801970 | 
1297489325571393 | 
1453438396252416 | 
2636751573387408 | 
1266236995684882 | 
1511833117033906 | 
2211009126339278 | 
913497791590569 | 
3210127215835956 | 
958595506703967 | 
1665344531165554 | 
1711263586946704 | 
3501633579994270 | 
1415664423246687 | 
893664320108322 | 
1329358065614995 | 
3161543590684447 | 
1198951432403961 | 
1587315065635916 | 
741124095506241 | 
1442584737593228 | 
1884983308798356 | 
1398993064997987 | 
1893549851285974 | 
1630757781261122 | 
1635761317464779 | 
1285033036824874 | 
1434591384873273 | 
852530331119492 | 
1137485975083921 | 
750287624543586 | 
1822714995060101 | 
3516687075135771 | 
1339317548083742 | 
1834278880577889 | 
953543497002121 | 
1225726939160045 | 
1398642384795156 | 
1648330602857978 | 
724908287179484 | 
914992948125845 | 
4394185260814974 | 
1722769695041494 | 
2915222671997940 | 
1129194662563331 | 
1109457327984307 | 
1360324861682179 | 
1386005806028307 | 
1918949272231610 | 
1902148104037507 | 
789108827440716 | 
2992774520905274 | 
1115095817499781 | 
1517734499194959 | 
2640579539623321 | 
2715562228835284 | 
739848715343169 | 
1876169089818728 | 
785976683782460 | 
1539074087111298 | 
1531372214508184 | 
1864466187528070 | 
1231186288693694 | 
1139267275077286 | 
814779780909131 | 
581682381575563 | 
1201217141858433 | 
893203399678584 | 
25036427222724011 | 
1370141894743354 | 
1270130328175889 | 
850023604416638 | 
1556333072082934 | 
1088056410075647 | 
1375972693695868 | 
1271775228208754 | 
1590204528798027 | 
701613139655791 | 
1179417483982619 | 
1536023917738861 | 
1362653765662935 | 
25174393125554675 | 
1671033133868599 | 
1722239441801930 | 
1305335541052498 | 
789721004058624 | 
857129367221995 | 
1368549054609077 | 
2652938781764524 | 
765625129189349 | 
1387769576410953 | 
741910628995113 | 
732551346173387 | 
634311645637671 | 
727924893152949 | 
24327348903619306 | 
3792082967766418 | 
1386258159971216 | 
800532492941000 | 
2607453679617030 | 
817037634368387 | 
1983548892422668 | 
692397177256099 | 
693787653451453 | 
1285031333146083 | 
1852892758708699 | 
1230390745438529 | 
1255409616070181 | 
1803333467132952 | 
1952263372033734 | 
1039619421656792 | 
4214608695462066 | 
2093264021524742 | 
843739861658379 | 
25467297059578289 | 
2309590382815860 | 
1302841591363046 | 
811400985287344 | 
1894436731493939 | 
1143577304622683 | 
4149126115328871 | 
2469931966711162 | 
704649889230289 | 
688314757300704 | 
1472798224145460 | 
657406726792302 | 
842483704899851 | 
3297279657098794 | 
855561023472478 | 
1393298099083304 | 
1298320108411190 | 
1639105420389001 | 
1386682126113743 | 
1298911118357412 | 
856026660204420 | 
2140420806365495 | 
24577961248541723 | 
1450595269570997 | 
2586966381646162 | 
1139076101711607 | 
676955381729770 | 
1937880193777718 | 
1268794291791776 | 
1492624748534491 | 
1515182476207534 | 
1575621023624421 | 
2552591381784494 | 
1320199669932835 | 
1496086478228731 | 
735338579447430 | 
586445457755135 | 
1346330606983553 | 
859262413103915 | 
1008229654629951 | 
3188603494640172 | 
795344013091824 | 
2182359305904784 | 
898663395867085 | 
4157289234584239 | 
1172665481642060 | 
1814547352559969 | 
2289084571502199 | 
1549819392880653 | 
1484612322540881 | 
814088634706472 | 
1165259775438187 | 
1168677138695028 | 
1521579099111977 | 
1988573871875441 | 
755161717235623 | 
822590523945346 | 
2252211335237461 | 
1101517641851631 | 
1982236209294147 | 
1317357099947110 | 
1546295099907513 | 
4282279172041034 | 
780765644927719 | 
819099134229486 | 
1746118812736766 | 
863728242695691 | 
861167143635480 | 
1403496981294066 | 
2203202913521941 | 
698329006663447 | 
1456475702117340 | 
1543821240008341 | 
1649818619782826 | 
1243920967760122 | 
917304331028868 | 
1994159691155962 | 
1399454498438046 | 
1121907366555576 | 
1402501534554072 | 
1678568336658164 | 
1652895032557634 | 
4108217592724923 | 
24911942771781912 | 
1957516101644199 | 
765233683255271 | 
1292961172755499 | 
837538478787611 | 
1428655015408261 | 
777756481498425 | 
1253231389513685 | 
2179798739221445 | 
1162120192748317 | 
2136478403517045 | 
2051220055639070 | 
780203031046520 | 
1707266970699638 | 
858857356898015 | 
809592965275550 | 
857704150037941 | 
2620630484962390 | 
1331355685130945 | 
851738830595866 | 
2543208286031778 | 
1575391773618058 | 
861598212927160 | 
1355817162671492 | 
704218248978635 | 
1235959198354423 | 
749742341195381 | 
894383709763501 | 
1535947734223252 | 
785298291212636 | 
1382967896852513 | 
766236603188570 | 
1123313416635577 | 
1277570384072990 | 
2389225454827189 | 
25124340417223771 | 
872481881894045 | 
741943524865163 | 
4519195375030679 | 
2325662841235240 | 
687040630953239 | 
824987153692046 | 
1907257486869075 | 
657368983979734 | 
1694575345261983 | 
1218406153494051 | 
852249151081381 | 
1299270124857474 | 
801076829232835 | 
1380577720745643 | 
865483696449196 | 
2098326384296805 | 
30920115847603720 | 
1262050041790762 | 
2043350369850547 | 
837133862662535 | 
1362287649058732 | 
524777490723376 | 
1639686854074138 | 
705881559098848 | 
1560524455083029 | 
2609242676126856 | 
1269167908496625 | 
1984586645717833 | 
1876273253025066 | 
1145523374317900 | 
1717617368926494 | 
806775945025535 | 
1282457870291222 | 
693146060183738 | 
1948205939441174 | 
783627190960048 | 
1940792773497959 | 
722477474103342 | 
1817662705530417 | 
775600211610562 | 
1238173950983048 | 
1165130592127474 | 
825528990370274 | 
645221978135546 | 
1175033227544553 | 
1508254633812164 | 
1108658711193109 | 
903238215955606 | 
838923661958484 | 
800022949338533 | 
796387806257836 | 
1273058491293716 | 
2099506800880586 | 
1938605657013831 | 
732650712516002 | 
1541120483636764 | 
817576584159595 | 
3175919442565288 | 
4078683762373684 | 
1465052961647381 | 
1400939611461902 | 
626136287256134 | 
780373968205636 | 
1263501958289274 | 
24755851450668524 | 
741949158935707 | 
763874420027847 | 
1271969244428384 | 
2710095755864163 | 
1324013772941478 | 
1376628830657418 | 
2038270740259057 | 
1865200514356160 | 
4392640031021802 | 
3857466981220403 | 
702356425970071 | 
739398129074589 | 
1717494265904458 | 
1477851173411354 | 
701461599564520 | 
1908231880095086 | 
1034187302211606 | 
25247175574910508 | 
795233423511887 | 
775665962158715 | 
1151740750490008 | 
1079453234322265 | 
1429339811910900 | 
1936234206955244 | 
819949070361211 | 
2787274664810250 | 
3331821973650071 | 
2184616702012363 | 
1175530870697518 | 
1071225675032593 | 
824702860604574 | 
751558221179397 | 
1628117055003516 | 
2558256154529840 | 
1154367856743179 | 
890567586815080 | 
2988127368051267 | 
825499443138892 | 
1366852937863533 | 
873970484973214 | 
2105084340280176 | 
1457840832417332 | 
1103510428499603 | 
1156803049944290 | 
1410238457375465 | 
760310810052463 | 
25021373927446259 | 
1325091372260196 | 
674250101602463 | 
1175395367731592 | 
1891696435083460 | 
1681912459175638 | 
26515584864695151 | 
873342741889920 | 
1388053773101533 | 
1126487132706191 | 
780064147738266 | 
1489497205475168 | 
3649364785357023 | 
931030519307456 | 
1619477886079212 | 
846992057683286 | 
1343522693568846 | 
1092975852731334 | 
1239158101369128 | 
1488953132285950 | 
586811880915846 | 
1171136128490896 | 
851684634077818 | 
1247124220654091 | 
2093512357843761 | 
4059181207690419 | 
1443295060209544 | 
1644134627028485 | 
1280943593664629 | 
1179990337424531 | 
2299910777127178 | 
905239345786462 | 
764441925984587 | 
4052172985074175 | 
3998368940415565 | 
888071943573685 | 
1498673797905794 | 
1257405442315898 | 
1487557212336970 | 
2787095051638615 | 
1461229725641549 | 
1643583417078716 | 
1613177263263641 | 
941413774974603 | 
1176538037926440 | 
1340553307815880 | 
1206522637990713 | 
1202724078129529 | 
691244570731061 | 
970180622075777 | 
782018674475227 | 
2005173816988059 | 
1912798502989773 | 
1388081063062887 | 
1086141697065633 | 
1978350999564573 | 
2381145535681147 | 
1104680687824998 | 
896162052919796 | 
702525296135309 | 
739468262565030 | 
1559847815052455 | 
836916965713047 | 
1371970800839824 | 
1119107176816930 | 
4234779386789000 | 
1165948012395665 | 
4184708268428907 | 
794120106514044 | 
4381853098761558 | 
1290318849492856 | 
1237405908185959 | 
842026415282531 | 
842600801468335 | 
4280892295463418 | 
816628224790750 | 
619914411177034 | 
782924361439691 | 
1450300196285226 | 
2239041339938937 | 
1461461831560369 | 
2234509380350688 | 
803366332746507 | 
801103679419399 | 
2217514712106117 | 
1423161125636685 | 
789602706839129 | 
1590116212179944 | 
3248068388694631 | 
1629235828234789 | 
1168664958661948 | 
1508616927170595 | 
1489897792122187 | 
3580409372254581 | 
1457924329322296 | 
24550665591273624 | 
1147554777424799 | 
1122914389938294 | 
1148689040587656 | 
1448405160619568 | 
839063119105407 | 
2418132991993401 | 
2902782769922336 | 
2044605852973882 | 
834134332806414 | 
1404965460797757 | 
3738142176483005 | 
1622547089078094 | 
4438100136476588 | 
908463041583433 | 
2076733389838624 | 
1939543503632085 | 
2875431852652611 | 
1920186232179251 | 
1163806815356425 | 
2918213041720824 | 
2733511846983089 | 
2016697862453685 | 
1149567277367234 | 
1910257599526900 | 
714393885080584 | 
821218524334259 | 
4583876051891227 | 
1567742740930314 | 
870020122271824 | 
2043647552839685 | 
5074465226174219 | 
4026072740987402 | 
1605230354035279 | 
25108878648805651 | 
1071692031670355 | 
852700777602778 | 
1807352393221884 | 
658569573890797 | 
1168333561931074 | 
2094103811333172 | 
1728009147869438 | 
1086582487860812 | 
926472046573562 | 
4323388077943169 | 
872550455444153 | 
1575883213552588 | 
4367023056903955 | 
1592011472163005 | 
831274236201463 | 
1157830059220962 | 
1962637394601606 | 
2724549951216506 | 
1526099425307087 | 
1191470859518954 | 
788147320930904 | 
1350652523497902 | 
1367939091725404 | 
828519956802138 | 
1163234258585812 | 
847918767872298 | 
1140006861633494 | 
1554763172221788 | 
1931639457781495 | 
1143962441153113 | 
1807312550145127 | 
1520439049216264 | 
1440178557898552 | 
1308703507831255 | 
1296203022487222 | 
960567549659899 | 
2303918546803706 | 
952817710798387 | 
2040101303216590 | 
4528886147340050 | 
1288305449861704 | 
1703282097641604 | 
828498482919764 | 
948899984283433 | 
1481770900072264 | 
1295099545846726 | 
1264835675840394 | 
1628750384914540 | 
2123653721753782 | 
1141473694747268 | 
25839044345774274 | 
1655147755500615 | 
2177699816382171 | 
2419092581869862 | 
1623934075486171 | 
2660150068140613 | 
1255677566687273 | 
1622822832389201 | 
938068892051537 | 
1251043857145216 | 
978136138726601 | 
2467488340377359 | 
1634611787687622 | 
2200117027462900 | 
4439206919682323 | 
1811186353179141 | 
1587606262540705 | 
1264244235592180 | 
930202623262626 | 
1665837747949124 | 
26757000470550263 | 
1851161392938719 | 
1917340938900319 | 
3089363097917789 | 
2962631723934975 | 
831606125935194 | 
1461175235602598 | 
952651837615919 | 
4430168293930501 | 
2204451463642517 | 
2302636186891563 | 
3252739421692013 | 
1865347984084822 | 
1216388640630368 | 
927992426744735 | 
973894228411294 | 
798037560039601 | 
943396481884212 | 
1465026975406955 | 
943060675105639 | 
925563467056153 | 
1485572823096023 | 
932270516376741 | 
1632944587733132 | 
951131827457555 | 
958776943275446 | 
1652257072484058 | 
1511611096701785 | 
26533605382991187 | 
938962258967455 | 
26301338582849122 | 
988225256870207 | 
977025441648614 | 
2849328525427640 | 
1607188003842272 | 
1745398556828918 | 
1540359014377532 | 
900847953049677 | 
4023560861272459 | 
1736348354409893 | 
2174427630003481 | 
1541808164326538 | 
1288005503039103 | 
1623957995580546 | 
1004072465639994 | 
1300168115389174 | 
1874556036544664 | 
2189180151891466 | 
1491248135931790 | 
902773699415862 | 
2058660918363197 | 
917512627294897 | 
27205497835757432 | 
1679180816556853 | 
1628136698406142 | 
1477339530601489 | 
2079143786003820 | 
1494634578731026 | 
1446910614094706 | 
1268541548185283 | 
1813426516731461 | 
2004134417171045 | 
925576730304893 | 
4391638747748925 | 
1856079391747589 | 
991594406640367 | 
1184882080405918 | 
1366563835339071 | 
929470776676415 | 
1522164032624686 | 
957508033652746 | 
1027446799857027 | 
2513296679095333 | 
1916193315790705 | 
1970062696945599 | 
941073928820844 | 
2737967866585582 | 
1622282158993313 | 
1459016649292956 | 
1641705910451354 | 
958162106751609 | 
743000668824773 | 
1021331480239173 | 
2048262179121485 | 
1889550592432318 | 
863886539518752 | 
1273098848279671 | 
1490199166102995 | 
972469348857570 | 
1658903772111880 | 
2936799316516879 | 
924201773785680 | 
919058491005427 | 
1538606357667111 | 
1861761557836951 | 
1528983432103187 | 
1708018833709983 | 
1687057272194756 | 
987782327296385 | 
1510181893842433 | 
2810850982619465 | 
4216140138696689 | 
1338155151588460 | 
733133833175951 | 
1791800165127258 | 
5277674965790314 | 
951880284086425 | 
1363658038218731 | 
1297551345656936 | 
2264105011188177 | 
1278876907062491 | 
4713495098877488 | 
1436966157598828 | 
782145384754871 | 
2071071420161004 | 
2091769598405428 | 
964172569712964 | 
1344696930891632 | 
969025045577630 | 
1636052300984660 | 
1110354412168962 | 
883896468009565 | 
2239356849802254 | 
877564841289639 | 
2464340140751319 | 
1521393056040901 | 
4432322453707108 | 
1495222882051057 | 
1329546229110275 | 
1710512640393165 | 
1907159763334737 | 
1296623892676753 | 
4372745666205153 | 
1017560180850023 | 
2208825162854928 | 
824461257124172 | 
1704616464290684 | 
962250496682356 | 
2239764363458920 | 
1015385847827484 | 
2099909807548377 | 
1302672902016925 | 
1293750322937414 | 
1352781380037438 | 
844659452051173 | 
2248013359286809 | 
824293250474774 | 
1300857818779855 | 
1351880710119845 | 
1697313628180337 | 
1710041870339134 | 
3437465653088044 | 
995375369540930 | 
1699752744360458 | 
1625829598645411 | 
27248943328058570 | 
978120591617499 | 
941720745514072 | 
1703335404428896 | 
2209665119866049 | 
2236323377195811 | 
2229859927759222 | 
930194720076221 | 
2008374799765319 | 
3096651283856476 | 
891029314010514 | 
949500644127638 | 
1465285008371161 | 
951349167788124 | 
2082232178990552 | 
26475490818780718 | 
984285127411633 | 
4394855794088836 | 
1787039562273167 | 
1656648395563765 | 
1469711201370363 | 
1965929383999372 | 
1482025483415943 | 
1012491068309631 | 
1548098886651891 | 
1895381984494755 | 
1232767315601427 | 
1914641265918025 | 
1433938395170094 | 
929746790098981 | 
2502531310163184 | 
1494843345764462 | 
2015296422403497 | 
861394039613283 | 
2066683667564692 | 
1524607322556095 | 
1514510476671630 | 
1329976829187305 | 
961644922988024 | 
4413317042282875 | 
956451523679382 | 
1397844778835776 | 
3001557046712579 | 
1269292082036062 | 
1257432273255127 | 
1530486785750690 | 
2212060785999877 | 
1573748724371613 | 
944929855214719 | 
2248558419285895 | 
1719341832541304 | 
937690345567433 | 
2877209805956813 | 
960802486799506 | 
1230564508965990 | 
4288513661413808 | 
1507901237441344 | 
2496425610810875 | 
902089906210602 | 
1026876956575102 | 
765109579931018 | 
1310883821005274 | 
1922990595325240 | 
1352347616946608 | 
982817674288246 | 
1477666803316351 | 
1049351871169261 | 
2051688065385968 | 
2807472982924402 | 
1264600772111440 | 
2029490114336875 | 
2819568358402876 | 
1644626273475452 | 
961233116805637 | 
1297184165213503 | 
1430450889117894 | 
1679986416372792 | 
1446990647470252 | 
962958296616233 | 
1669219164130803 | 
1465997051406592 | 
817077874613696 | 
1526574702466370 | 
3501971586641751 | 
921169500969541 | 
2463497054164937 | 
1504504410655007 | 
2347664679056589 | 
1907152936612721 | 
1034917332435536 | 
1720349002314583 | 
1377844484155134 | 
1408220821067555 | 
27172621759089119 | 
1894909344531943 | 
1808842773422983 | 
1740575280691251 | 
2584275598654553 | 
1299841498308190 | 
1454795086413062 | 
4488298354821746 | 
1668804654381815 | 
975368925101149 | 
1644606103426752 | 
1833430991364344 | 
985547600788112 | 
1620933282333081 | 
1716321976451151 | 
1033103236054081 | 
27898664503051421 | 
2222112761935543 | 
2250134949147587 | 
981466587932835 | 
994944926341687 | 
1475384277179346 | 
2046659119564711 | 
1012528034454178 | 
985315377719246 | 
1483281552801018 | 
27111968101745972 | 
993713079931404 | 
3308753562619423 | 
