1724894844844221 | 
1544094886801991 | 
1190146325966255 | 
1142292074543783 | 
859913056921652 | 
2020525761821021 | 
1076152874463364 | 
4354456561454518 | 
864660369659408 | 
1185917423756655 | 
854250594085497 | 
1237702958376704 | 
2996906617172458 | 
747843455037580 | 
1642982800393768 | 
1513464443073575 | 
1405298841189035 | 
882515404104497 | 
2359958011134921 | 
2056582718452442 | 
1818841365432316 | 
2022768781630955 | 
1916823902246940 | 
1452007943163784 | 
1163959309266226 | 
894265293390444 | 
683578578154157 | 
1427653909074234 | 
787727587665310 | 
2365618907278315 | 
926228129734992 | 
1395923655277382 | 
918539080810094 | 
1607127323634771 | 
1386903989501032 | 
921946603607164 | 
1183646467257596 | 
1639780860729157 | 
1167643212026528 | 
923285873737553 | 
2609149532794827 | 
858828540354845 | 
2224345581302449 | 
1601613561029141 | 
1588327669088147 | 
1933001027325931 | 
2740860782919571 | 
1908796570005354 | 
1609563556954796 | 
857155334148253 | 
2481854128917551 | 
2466297340459610 | 
885896387784113 | 
919240424004982 | 
921026794013936 | 
4164219600391479 | 
1647976586553015 | 
2345443549290869 | 
915521571127127 | 
26565844949672188 | 
1019966557867708 | 
1733003041009788 | 
1246641640605946 | 
831823775970623 | 
757941563442188 | 
27047561294831432 | 
1207155714908833 | 
1388121862452365 | 
1458426359001005 | 
1251120447213041 | 
2070708070138016 | 
1585609669328856 | 
4297855970495410 | 
1225441799675802 | 
1412684307184388 | 
948848041026622 | 
2594745410874931 | 
1199785845393628 | 
1597796994695891 | 
1404156567698196 | 
792317020098388 | 
820205944398223 | 
1621480382194084 | 
1469317071380936 | 
1415385040052725 | 
878039431302755 | 
1225404649535102 | 
1928019204737125 | 
1226781099617693 | 
1398811411722386 | 
820419366985001 | 
1969620733658524 | 
1644213006935989 | 
1418840356409449 | 
1667233937619196 | 
2094976241297018 | 
2114410452677402 | 
1395429178562355 | 
1926810314605782 | 
936564942356645 | 
2063045814455119 | 
837592279325318 | 
2176404302891897 | 
2078583662897271 | 
1491906378934509 | 
1197482349263995 | 
1427412745550906 | 
2164167301057555 | 
957257680317973 | 
4209004882577208 | 
25996805590000203 | 
2007017183182811 | 
797383886708011 | 
1604648554208984 | 
756781597017976 | 
1985432762280553 | 
1370813864820685 | 
1907565779902075 | 
2689222734787606 | 
1548321776266172 | 
1454079209745228 | 
869706205976465 | 
1341800527706608 | 
932408195938197 | 
3677977969011140 | 
2283253972191757 | 
2051786635667103 | 
958876340145919 | 
800422536234420 | 
1356438936523447 | 
1412937073373229 | 
671995895950872 | 
2131549474283281 | 
785281567238541 | 
905211841954000 | 
677205938785312 | 
2112666346251543 | 
4309884775964173 | 
1715184979891512 | 
877439191581608 | 
1414316143766584 | 
2377952155985282 | 
2115750912575623 | 
1666125217860315 | 
1428980148937593 | 
1235999731484112 | 
4350460555231493 | 
1394176525530575 | 
2773278826371354 | 
883483797842005 | 
1480261143752511 | 
1712231949760661 | 
932386862480414 | 
869848189155963 | 
4375945792724302 | 
1934437953814689 | 
1355952659906277 | 
919068197391709 | 
762442139993030 | 
933137225866394 | 
1852525832131623 | 
1212903090600615 | 
4125216361075897 | 
1979489292645088 | 
1594054565164397 | 
1951262785500037 | 
1435245145043774 | 
1653010296130605 | 
1735886054045444 | 
1428372995598468 | 
1550533729347494 | 
696896913361394 | 
1427764672166642 | 
1805546476766358 | 
881098531595008 | 
1646998803307619 | 
1459265112266826 | 
1491591949246484 | 
1221741883463557 | 
1413650680071249 | 
1443033220556295 | 
928257666256970 | 
2006532973540512 | 
879509408458729 | 
904131795580646 | 
1829828441041565 | 
2123560238405095 | 
4279058699025315 | 
4588444951383336 | 
803445462164483 | 
930469099352379 | 
1210786964419558 | 
1391774686029980 | 
1221645573049017 | 
2177317166431392 | 
1817285485595220 | 
4045076865783823 | 
923439307237516 | 
952760117310954 | 
1844482032920692 | 
1582899339650521 | 
912809354694558 | 
914775197985810 | 
919659920927858 | 
928771003059502 | 
886431004211750 | 
764593583119741 | 
1454596386313707 | 
1265229625707254 | 
1438307974448467 | 
913724194964620 | 
1579155669831707 | 
4236896459892250 | 
1599545957956232 | 
1588852692333603 | 
1370518291763537 | 
1269162068481107 | 
852207614528787 | 
933647476085895 | 
1640539263883083 | 
2615944665450280 | 
865616083168860 | 
2345751179262752 | 
1215603104018411 | 
1458136716054244 | 
1934336000449130 | 
1457709042408361 | 
1727755841967765 | 
1259111659517470 | 
1649714699697039 | 
928961679505895 | 
2760444477650241 | 
933327082441016 | 
901808709218483 | 
3010066359179037 | 
26239145789081048 | 
1467005325014889 | 
2786496048409969 | 
1607037083952868 | 
1295316035802962 | 
1558559258559457 | 
2073415046771386 | 
800354379198568 | 
1253472296737198 | 
1398650634880485 | 
34245870625056125 | 
1408095090486036 | 
1598158714637268 | 
3011663522358840 | 
1275170424526926 | 
929855453149750 | 
1487963199614340 | 
1355018139992102 | 
1602197070832225 | 
1495487982154167 | 
2064003831048851 | 
918339540739460 | 
1560372575259725 | 
1224076176564319 | 
1408945990522331 | 
2408720719588338 | 
4478764692402995 | 
2697337783979508 | 
1618887522718302 | 
1629323074766423 | 
1462598185502919 | 
2089991091822854 | 
820549104396159 | 
1259906736080961 | 
2453704521712619 | 
911156224863781 | 
1805969690076216 | 
1300176618594146 | 
1221800059938919 | 
2886744321666958 | 
786530427838128 | 
1421390509249092 | 
1255070709392478 | 
1431494355132674 | 
955976770107339 | 
907065942158911 | 
3124042287803757 | 
806028532500367 | 
1211008787493812 | 
1938834813709858 | 
1461092885421342 | 
977322554856301 | 
1965333904098771 | 
2333127410542946 | 
906680322324570 | 
2177110163104186 | 
1325799022903533 | 
1484284120041819 | 
931370075957752 | 
2087844898726972 | 
1962066207735212 | 
1437512051248765 | 
3368761153273316 | 
920926547208189 | 
862310050192386 | 
885683683866271 | 
1582020239740938 | 
4274153942840209 | 
893802556758601 | 
912991324669990 | 
1507984464224094 | 
1304368328172146 | 
1418655919478139 | 
2790010997873120 | 
1234393295041048 | 
1308385924680459 | 
730085306595937 | 
800694933077649 | 
1959533611624633 | 
2424964447950107 | 
25919210687707838 | 
2735765190117566 | 
3019421461586969 | 
2315472128974960 | 
1586888945865045 | 
1980593330006429 | 
798401452741191 | 
926175783113490 | 
1259165909491932 | 
1528390738243933 | 
1622748175400938 | 
911400594968837 | 
1244642113859376 | 
1271559468289685 | 
1330045895612724 | 
1453323799592199 | 
2329380597546826 | 
4242838912637324 | 
1636458767529737 | 
1507783947372587 | 
1664673814726831 | 
889178967347949 | 
918986287757236 | 
2032074327524131 | 
902112369410959 | 
1462102005491687 | 
933240705892747 | 
4274919816095969 | 
804254855403236 | 
708894815552696 | 
1300508065230832 | 
1834469763868233 | 
1310497474254641 | 
2057405648155756 | 
3406918986112638 | 
817875517986726 | 
2146682212811122 | 
3813294965642656 | 
936804999038676 | 
1451641459802714 | 
1578434023461771 | 
1174047934650753 | 
1435497854936199 | 
953827840488669 | 
1626124741918840 | 
1646042706582863 | 
1628168451526614 | 
773030255860882 | 
1976817519935496 | 
2001668927049524 | 
2749030292110888 | 
1704532123865901 | 
1927610568124058 | 
903916869073459 | 
1175206464539187 | 
1157450393031483 | 
1458492019163937 | 
2261388497722447 | 
1931655117430090 | 
2026906191566921 | 
944524844715646 | 
946012794964965 | 
1674174657329751 | 
2072531656872245 | 
865412103002762 | 
26743619011909300 | 
1915582912657806 | 
910326065318095 | 
2404988530903207 | 
940154755278381 | 
963232056055173 | 
979090231133800 | 
806908088645804 | 
2388267518261287 | 
1299687905366827 | 
1613022349745068 | 
1418816912892883 | 
2170258077134881 | 
1527191302405227 | 
1323592469581801 | 
1478837123834465 | 
2654937888258616 | 
958764976519807 | 
1639446770729008 | 
946795241086805 | 
1484541776708874 | 
1653790019382556 | 
1510268987550995 | 
1833755560566394 | 
2713408665726589 | 
941767905241593 | 
1867459083747295 | 
952144400522275 | 
1595315221581827 | 
918578140952467 | 
838154755967043 | 
964172726143680 | 
1459125079559435 | 
1465446375021976 | 
1983517565873085 | 
911622558534941 | 
3259877027553649 | 
1656515562208520 | 
2111158569664340 | 
1394601669383882 | 
4280075045542664 | 
1268677338122384 | 
955361637007700 | 
2063884077516011 | 
1190541176318782 | 
807799032367120 | 
1695506798124505 | 
877781531961247 | 
1704800057602137 | 
1968680157192200 | 
1323886766224011 | 
1245416731121361 | 
2182802125592659 | 
1577539759986517 | 
4337695029851939 | 
1832563300747065 | 
920789404194615 | 
2938486996487687 | 
1724705671826750 | 
34711353455147194 | 
1641166430455190 | 
1205020148194799 | 
1481662050288479 | 
1289776029757266 | 
801341905955792 | 
3868218503314859 | 
793492156817263 | 
852099414573269 | 
1612037500036700 | 
926731936891750 | 
1315475307142994 | 
1953035552251146 | 
2465339237236845 | 
946504371072330 | 
1267085682224833 | 
1341576734471128 | 
910311228661725 | 
2004284573776729 | 
26306031145713331 | 
1668028044197702 | 
1650238939620166 | 
1225716222881881 | 
1720311135998080 | 
717425564791853 | 
1440403313983087 | 
725138313945341 | 
2186558985247554 | 
2834486710223250 | 
937629685840491 | 
1270040674534806 | 
1453532836311643 | 
26406866322262780 | 
934657912531883 | 
1279969566828311 | 
1938421177548586 | 
961236906357497 | 
1805983870361994 | 
1903399196973808 | 
1321647173358308 | 
2139842453514910 | 
830531866760179 | 
1467122815104619 | 
1656783601997760 | 
1308558331254044 | 
887797100952427 | 
1853275762018305 | 
1114069547559174 | 
2056559645205057 | 
26282545534695653 | 
975035334962090 | 
2396527910821513 | 
899549679752381 | 
1621585655780172 | 
1492978179133185 | 
919924910844199 | 
1264714422433385 | 
1593155675305680 | 
2785603821789272 | 
1496257049176501 | 
4397132740504370 | 
1624069525522791 | 
1715374429825030 | 
2286851198788957 | 
26175466542149479 | 
1690179428992322 | 
26290029260655633 | 
4334078053578395 | 
857901753538026 | 
862705883496713 | 
1270194138568104 | 
1290319033030809 | 
1602337124359066 | 
1310010974383157 | 
1265124119084934 | 
1308385527850696 | 
2084403162354688 | 
691208287408423 | 
1307820491235511 | 
1461478808752010 | 
1501943931444292 | 
1990627141537216 | 
1038349212480266 | 
1133554873164904 | 
1309650844399403 | 
3515678098607375 | 
1843467669661942 | 
2467034890414740 | 
937282272600313 | 
1392562302638482 | 
2177433939671761 | 
27458982900356184 | 
932568049380661 | 
1217524480454592 | 
1393145399503130 | 
1730253761472272 | 
2381441085692746 | 
1932389867464958 | 
2091363844767569 | 
2404377206741350 | 
3048631381989335 | 
804446589384923 | 
937181392257535 | 
1240029524779617 | 
1394540225842484 | 
956298243807428 | 
968141558936212 | 
990697740049792 | 
1275982760637648 | 
1334159808770053 | 
1863730341002215 | 
4269220666725273 | 
26320702477611095 | 
975216954958419 | 
3978097262325728 | 
981085191120534 | 
2110131899849961 | 
1312203304306831 | 
2749040045464196 | 
2343440306068048 | 
1998376084101899 | 
2730925883958322 | 
2443179876164851 | 
1636798200869235 | 
1885591055445084 | 
2728723164153133 | 
988951850175211 | 
1335088618677672 | 
858607260588236 | 
1658855825435411 | 
27643579401897637 | 
935591909455066 | 
2192278828271065 | 
953696417392553 | 
812837311444572 | 
1365223742318933 | 
964319026523284 | 
1663065251405773 | 
962549126380990 | 
1296016711991186 | 
1700863191341457 | 
1635024694370474 | 
1475450527672642 | 
3166523953527239 | 
984213974111733 | 
1566008951531115 | 
938005192467209 | 
1988722401735579 | 
1474895977375706 | 
4438978316337319 | 
4274388989444883 | 
2531761590576206 | 
972455482069952 | 
982321561043232 | 
1647869536521134 | 
1491704389157805 | 
1002108722169743 | 
2148412019292292 | 
26571867852455186 | 
859468453842406 | 
810218108822842 | 
1550355810097403 | 
2387238528433717 | 
2045655743038871 | 
1522795589547398 | 
1297448868590314 | 
915525411478989 | 
958322290426200 | 
2040316663234531 | 
1458662218854383 | 
2213085212828552 | 
1268534695349038 | 
1451321742815202 | 
828707363010177 | 
1456198369541271 | 
1492756015598408 | 
1281289827493901 | 
892902770477852 | 
1871081673552603 | 
1741273667048392 | 
1507073147751216 | 
4383199708661430 | 
1682645939412596 | 
997831329259500 | 
1454931732361362 | 
1490222189471647 | 
1953413581949271 | 
1500705001777937 | 
1620420595881112 | 
1688322472369221 | 
1912235002764036 | 
996975956329016 | 
953580290639751 | 
2003911510224783 | 
3054941618033759 | 
1322176446463604 | 
1782524749383848 | 
1261602012820696 | 
1312099004132708 | 
2789680021424724 | 
1322834009697228 | 
1459288672099614 | 
919743284443036 | 
1461284362406026 | 
27578795995089680 | 
3919229245049391 | 
2146537929502941 | 
2022075542037715 | 
847346111754296 | 
27511464145121425 | 
2049861425873831 | 
2218776358957006 | 
2194042878058374 | 
1968604287153690 | 
969282632633650 | 
1638316063891483 | 
962427176622079 | 
2339394143222390 | 
2264190014332691 | 
1333244538725814 | 
2360610811114561 | 
2757983541268800 | 
1008985634897889 | 
837502089429817 | 
1679589993362779 | 
2254247615316136 | 
969457782457400 | 
1568384421604059 | 
2458905244546490 | 
2551459668602127 | 
831150043404307 | 
3158826184505930 | 
1535958734802277 | 
975841925204458 | 
1487676943141580 | 
978195301613417 | 
1007976025121015 | 
1005971495139537 | 
963910939609399 | 
832095756616702 | 
1730418948090494 | 
1703532414052378 | 
1016911644107102 | 
1570631268396012 | 
2040245606876228 | 
1166283068959999 | 
966652696285131 | 
1674092690678858 | 
1531559425294982 | 
1560500748817538 | 
1274849957552725 | 
2127870241091111 | 
1700075804503154 | 
1306279174226363 | 
4380407705575966 | 
986933210373338 | 
2430729497338552 | 
962207836699937 | 
996999819551039 | 
951485634362735 | 
1380909837164647 | 
1512567650537352 | 
1153642641165349 | 
2033010840908180 | 
1295378379397815 | 
999776142620446 | 
1513050853619974 | 
1578491964276393 | 
1317441873682893 | 
3436353439854431 | 
1339386430934871 | 
1510615857434017 | 
4493412287596732 | 
1931192520857071 | 
1370202928321885 | 
1623512055604848 | 
999758086334229 | 
2702452450154179 | 
1820381029346948 | 
981191408146816 | 
967419359272844 | 
1411784144046838 | 
1268322082178532 | 
1012764651081822 | 
1440376564512323 | 
2728575420845429 | 
2032625687382106 | 
3288345011344501 | 
1694558174872201 | 
1318800366892072 | 
1551789209697212 | 
1020421827080086 | 
1372628681295034 | 
903715982748626 | 
959894113684265 | 
27101003542869946 | 
846941847932454 | 
1657654692168068 | 
867076629767312 | 
985323501119875 | 
1283687593942696 | 
1319493530036870 | 
1361623182540334 | 
969792272614564 | 
1307316954284726 | 
3497406180411295 | 
820145107410218 | 
1455491576592564 | 
1013069518343191 | 
1047835964609415 | 
1678459560086655 | 
1536568684536032 | 
1324066866313802 | 
950218167816590 | 
2050163225909089 | 
2237640273439721 | 
992944126935013 | 
1022208527044273 | 
1256218616668355 | 
904501935939168 | 
1636768217530431 | 
2714053255647192 | 
1749700136195833 | 
1564608099001762 | 
4275619802701484 | 
1428953862313567 | 
1249991493607302 | 
1706196620813767 | 
1722187288960491 | 
957720277060732 | 
1536409401440909 | 
2644937049236098 | 
965814439688903 | 
1852690642802110 | 
903570559393477 | 
1854178322207398 | 
1277829273827612 | 
1505105821250443 | 
2417086542120648 | 
981844814772979 | 
1596195064807722 | 
1885487135490381 | 
1687487195738204 | 
944566354856118 | 
977317575193175 | 
974946528250248 | 
984491667265666 | 
982490298032659 | 
1335369421916044 | 
1897943480912869 | 
1300702758832054 | 
1977370462849320 | 
957083713807968 | 
1323652936356585 | 
1430631355533462 | 
888119770969168 | 
3956622351297219 | 
2194534181362377 | 
2471956399988375 | 
2114531342449058 | 
1549514203231897 | 
26995977383362041 | 
1311642314254550 | 
2867861970215720 | 
1469372984875733 | 
944644838210143 | 
2230026004488802 | 
4354651804774724 | 
1458663692020590 | 
2485145908577322 | 
1557823579419083 | 
1000279192332263 | 
1308001364775525 | 
2098520340715075 | 
970537812390604 | 
995517556314854 | 
1312079507708508 | 
1346872860165278 | 
1942886876344193 | 
4596210924001213 | 
1892792974741037 | 
2203370486925590 | 
980813311257265 | 
802790156244191 | 
758688410568893 | 
822108920621637 | 
1458995289574313 | 
1192558899600009 | 
1021052380384018 | 
1509579570802486 | 
1550019260053550 | 
1627562411878066 | 
993171223186157 | 
2129225881268097 | 
4533185780234425 | 
754904054278612 | 
4465297687079531 | 
35585195037792014 | 
1337301981616118 | 
1856728865007316 | 
27009762338711615 | 
3247271058809053 | 
4056709427795061 | 
927311873700655 | 
968202559029458 | 
2069326663926724 | 
997708902811297 | 
4522205324733391 | 
26686817717654629 | 
26451441711224706 | 
1334708865233386 | 
4068039173487351 | 
27722367824032578 | 
1370278964937932 | 
781483634900501 | 
1635365274357242 | 
1115468861118451 | 
1661914468285359 | 
1693035061941711 | 
935285356171805 | 
950909557831477 | 
1458102625503940 | 
1659243591943524 | 
716333208228177 | 
1672446154057583 | 
1750761469242842 | 
1547825633441283 | 
2962963487242219 | 
2136085020508689 | 
1582080142858971 | 
1686048266046938 | 
4023344147955974 | 
1328539789194919 | 
1886479955393191 | 
825635353943342 | 
1291484549803870 | 
971320291923252 | 
1511297370523254 | 
1518631786564999 | 
1519340886390032 | 
1366789278842995 | 
1627493768479180 | 
833110739871070 | 
1889451041755034 | 
2106341726825435 | 
3003457499844439 | 
1012916424581694 | 
1266932658572467 | 
1149180024031311 | 
1814190016223014 | 
2036493906933119 | 
932954349580286 | 
1616294109481516 | 
1592469076212088 | 
26846806011638626 | 
1325681149729447 | 
1539458247775810 | 
2110637826458764 | 
911320328602559 | 
2040612210210055 | 
1674651443765273 | 
854932323607764 | 
963727579602022 | 
1013191741136489 | 
2608020692927411 | 
27406078202318148 | 
1745812996796675 | 
1315848450453190 | 
1553731639448253 | 
1508046484289455 | 
989162600286896 | 
1536594534924369 | 
922928867403084 | 
1524080209412759 | 
1604532507304747 | 
1501854964756423 | 
1641204997206165 | 
2476466616141953 | 
966007862688779 | 
975099118236950 | 
1498952391669656 | 
1312493134320887 | 
807189048852013 | 
1301886494773386 | 
1473243157215257 | 
1481923730282240 | 
2451434038696888 | 
986390130733824 | 
2181555756011924 | 
1675735837083773 | 
1508396680793673 | 
823932744125197 | 
1307317654218406 | 
1658840568763296 | 
26002780666063716 | 
981259031292492 | 
2738308599870894 | 
970403095382832 | 
1913244932668088 | 
833616732626916 | 
910918215309858 | 
1378286967503364 | 
1465784028610609 | 
1501937737994654 | 
1589550425441797 | 
968610428873011 | 
1308064177540809 | 
1496041188678696 | 
807450008818714 | 
1939374100095064 | 
1015634561036786 | 
1289827002724015 | 
27619222394357595 | 
1659766585342398 | 
963348199572997 | 
1659522035273500 | 
1637937704178655 | 
1989037501994476 | 
27900050992913821 | 
27538738309044474 | 
946445991616799 | 
1234568451896836 | 
1606186277350905 | 
992144493232509 | 
1228327819375123 | 
1298903881746041 | 
1486751969814223 | 
2102070417401333 | 
1666857527924996 | 
774260089014111 | 
1287417672973164 | 
2051608372377660 | 
4160854284226030 | 
2389961751493881 | 
2189728318478067 | 
996008193108686 | 
820213437504627 | 
1231157272296993 | 
1314898720756581 | 
956284660557171 | 
2790612527967683 | 
1655581685658168 | 
1609838513438012 | 
975224921668880 | 
2092833281655320 | 
938633772487897 | 
2080996589146795 | 
4443115182673564 | 
970090899332372 | 
1795539408078658 | 
1598965621198281 | 
1336599245004570 | 
2063188231215776 | 
2178760006224110 | 
4047134325588276 | 
948004261435639 | 
1745910560175045 | 
1347328747290215 | 
1534272328281129 | 
773954592379839 | 
975199901799494 | 
1506391511198766 | 
26952448884414138 | 
869781672825126 | 
816882641113215 | 
1211996244204760 | 
1312995937021043 | 
1292235615872034 | 
1958992164728976 | 
749011098234919 | 
2072428673338056 | 
1137861645184187 | 
1308637274543686 | 
1454588219188777 | 
2111361326089365 | 
1509937497192821 | 
936215109258613 | 
2013902869245330 | 
961880256624981 | 
1867989737229023 | 
1528762445586634 | 
1606415843785942 | 
2054665392087913 | 
1632437337812373 | 
1880908062625305 | 
1003883158698034 | 
1370404484912482 | 
1541009101062493 | 
2505051743298263 | 
2865244380474571 | 
975916561799603 | 
1005341468499686 | 
1018118337274673 | 
1479897824178752 | 
1649875062988206 | 
2477576505997292 | 
1298653182480577 | 
977067624917594 | 
1015905284206185 | 
1939857810231386 | 
2129203444592699 | 
1287975526293782 | 
1452966889344347 | 
1683057412700543 | 
1689553965393633 | 
27431685846427003 | 
1316624449861245 | 
1500658128099101 | 
2036504130279229 | 
951052604005230 | 
2229582987877068 | 
972948982120352 | 
1002483045501087 | 
930189160014363 | 
2145297749380554 | 
2252347658929127 | 
2440579479794521 | 
1036253215502166 | 
26267900009553924 | 
871876555218668 | 
1274245571571048 | 
2211039783017413 | 
27028916183433436 | 
976705721733529 | 
1484875323011214 | 
943467318687028 | 
1300066044925893 | 
1779316373048958 | 
932832432913549 | 
1003294758692136 | 
2014974306565263 | 
1674075880450041 | 
1706143857050073 | 
2050198009254700 | 
819922011174968 | 
1303494341198838 | 
1494211782317102 | 
943310962004967 | 
999113549219338 | 
1249598383683470 | 
978990794614496 | 
1716445182823891 | 
984648047427212 | 
912563347909170 | 
915916791434769 | 
1299747632279723 | 
1370629844840775 | 
1401995661695864 | 
2002472767326779 | 
1261618638986053 | 
1298114275591165 | 
1321947526044831 | 
2324294094647144 | 
786088204359816 | 
819852460769983 | 
970523935371276 | 
1006559661855605 | 
2075761786617355 | 
2884019195276801 | 
1009944581982953 | 
1279513677224932 | 
1650221079564269 | 
997139892767700 | 
1498908035147162 | 
1744502100294035 | 
1267834601774413 | 
1505121677677697 | 
1611345463305592 | 
1987879699270391 | 
2184292502384601 | 
3097092987157612 | 
966392866024496 | 
1475610440931429 | 
962591573363781 | 
1665701607957600 | 
1179432420928444 | 
1287206206278794 | 
1303941887827572 | 
1519984909720732 | 
2005374783426135 | 
966674049472110 | 
992143266737400 | 
997731812936612 | 
1642392920147887 | 
2495212297575752 | 
982870417565781 | 
1544939787236808 | 
1588836906581450 | 
2235776527229584 | 
1386209503316015 | 
1606948543730758 | 
1797568321620752 | 
4262852347361617 | 
994837239974360 | 
1320582160261220 | 
1461292231910923 | 
1666782787977364 | 
1781706316502578 | 
2746064749085558 | 
966936412930292 | 
978573145067305 | 
1401618312016900 | 
1680751163069588 | 
2196629127771663 | 
1618975302546252 | 
3108969242638011 | 
926730427020072 | 
979458421139197 | 
1699127184736991 | 
2047093845890885 | 
2112945496105756 | 
4342932355966764 | 
4501306520137439 | 
2061682641363536 | 
