1142292074543783 | 
4354456561454518 | 
854250594085497 | 
1237702958376704 | 
1642982800393768 | 
1513464443073575 | 
1405298841189035 | 
894265293390444 | 
2365618907278315 | 
1167643212026528 | 
2609149532794827 | 
2224345581302449 | 
2481854128917551 | 
857155334148253 | 
919240424004982 | 
4164219600391479 | 
921026794013936 | 
1246641640605946 | 
831823775970623 | 
757941563442188 | 
27047561294831432 | 
2594745410874931 | 
1199785845393628 | 
1928019204737125 | 
837592279325318 | 
1969620733658524 | 
1491906378934509 | 
1197482349263995 | 
2176404302891897 | 
2164167301057555 | 
957257680317973 | 
797383886708011 | 
756781597017976 | 
1370813864820685 | 
2007017183182811 | 
1604648554208984 | 
869706205976465 | 
2283253972191757 | 
2689222734787606 | 
800422536234420 | 
671995895950872 | 
2377952155985282 | 
877439191581608 | 
932386862480414 | 
1852525832131623 | 
919068197391709 | 
1435245145043774 | 
1428372995598468 | 
881098531595008 | 
2123560238405095 | 
1443033220556295 | 
4045076865783823 | 
1413650680071249 | 
2006532973540512 | 
1934336000449130 | 
1457709042408361 | 
1558559258559457 | 
2073415046771386 | 
3011663522358840 | 
1295316035802962 | 
1487963199614340 | 
1224076176564319 | 
34245870625056125 | 
918339540739460 | 
2453704521712619 | 
1259906736080961 | 
1300176618594146 | 
2760444477650241 | 
1618887522718302 | 
806028532500367 | 
1938834813709858 | 
1431494355132674 | 
1370518291763537 | 
885683683866271 | 
1304368328172146 | 
730085306595937 | 
3019421461586969 | 
1234393295041048 | 
1255070709392478 | 
926175783113490 | 
1528390738243933 | 
911400594968837 | 
1271559468289685 | 
918986287757236 | 
1462102005491687 | 
2032074327524131 | 
1259165909491932 | 
804254855403236 | 
1578434023461771 | 
1976817519935496 | 
1175206464539187 | 
1931655117430090 | 
2026906191566921 | 
1225441799675802 | 
1467005325014889 | 
903916869073459 | 
865412103002762 | 
1458426359001005 | 
1418816912892883 | 
2170258077134881 | 
2654937888258616 | 
1454079209745228 | 
941767905241593 | 
952144400522275 | 
964172726143680 | 
1459125079559435 | 
911622558534941 | 
3259877027553649 | 
1656515562208520 | 
2063884077516011 | 
1695506798124505 | 
877781531961247 | 
1245416731121361 | 
1577539759986517 | 
920789404194615 | 
2938486996487687 | 
1724705671826750 | 
34711353455147194 | 
801341905955792 | 
3868218503314859 | 
1612037500036700 | 
1267085682224833 | 
1341576734471128 | 
2004284573776729 | 
26306031145713331 | 
931370075957752 | 
1720311135998080 | 
725138313945341 | 
26406866322262780 | 
934657912531883 | 
2001668927049524 | 
2139842453514910 | 
830531866760179 | 
1656783601997760 | 
2396527910821513 | 
1621585655780172 | 
1264714422433385 | 
1496257049176501 | 
1624069525522791 | 
1715374429825030 | 
857901753538026 | 
1270194138568104 | 
1308385527850696 | 
3515678098607375 | 
1843467669661942 | 
3048631381989335 | 
1240029524779617 | 
1394540225842484 | 
968141558936212 | 
26320702477611095 | 
1607127323634771 | 
2749040045464196 | 
1636798200869235 | 
1365223742318933 | 
962549126380990 | 
1474895977375706 | 
859468453842406 | 
1550355810097403 | 
2045655743038871 | 
1451321742815202 | 
892902770477852 | 
1500705001777937 | 
1459288672099614 | 
919743284443036 | 
3919229245049391 | 
847346111754296 | 
969457782457400 | 
1005971495139537 | 
2127870241091111 | 
962207836699937 | 
1153642641165349 | 
4493412287596732 | 
1931192520857071 | 
1318800366892072 | 
1020421827080086 | 
1657654692168068 | 
867076629767312 | 
1307316954284726 | 
1428953862313567 | 
957720277060732 | 
1897943480912869 | 
957083713807968 | 
1549514203231897 | 
1469372984875733 | 
4596210924001213 | 
980813311257265 | 
802790156244191 | 
1627562411878066 | 
4056709427795061 | 
927311873700655 | 
4068039173487351 | 
1370278964937932 | 
2962963487242219 | 
1519340886390032 | 
1814190016223014 | 
2036493906933119 | 
1674651443765273 | 
2608020692927411 | 
1501854964756423 | 
1312493134320887 | 
807189048852013 | 
1508396680793673 | 
946445991616799 | 
1287417672973164 | 
2389961751493881 | 
1312995937021043 | 
1292235615872034 | 
961880256624981 | 
1528762445586634 | 
1632437337812373 | 
2505051743298263 | 
2129203444592699 | 
1316624449861245 | 
2036504130279229 | 
2229582987877068 | 
930189160014363 | 
2145297749380554 | 
2440579479794521 | 
26267900009553924 | 
976705721733529 | 
1484875323011214 | 
1706143857050073 | 
943310962004967 | 
1249598383683470 | 
819852460769983 | 
2075761786617355 | 
997139892767700 | 
1498908035147162 | 
1987879699270391 | 
966392866024496 | 
1475610440931429 | 
962591573363781 | 
1665701607957600 | 
1303941887827572 | 
1519984909720732 | 
966674049472110 | 
992143266737400 | 
2495212297575752 | 
1666782787977364 | 
1401618312016900 | 
2196629127771663 | 
3108969242638011 | 
4501306520137439 | 
