1915656655700970 | 
899352849088603 | 
4143380469219133 | 
862284020084313 | 
895589259520585 | 
1591160138586309 | 
1463275448533227 | 
1920978688810482 | 
1198470862480116 | 
1674109323962231 | 
1560770608391708 | 
1531226904629199 | 
1152524366649727 | 
4289189924645632 | 
779961961167303 | 
2008115166793979 | 
1458573818938361 | 
1940336366568623 | 
1597982328289089 | 
787499821044741 | 
1378895120917464 | 
1494427148934764 | 
868879219395176 | 
3063460093838925 | 
2119036475574104 | 
748218148359401 | 
1547773509833942 | 
1403318464823418 | 
1254139289956213 | 
1223841406607063 | 
1522916855669393 | 
1223051086431717 | 
1207475774699358 | 
1581175539698266 | 
34165963096383352 | 
871752052284831 | 
758403136543923 | 
1418552586520002 | 
779496548503042 | 
787403957751867 | 
717661107668730 | 
1555963318935982 | 
1964327731165485 | 
1271677244783727 | 
909945834728609 | 
1428972665256410 | 
1622288812314942 | 
3451402101685323 | 
878451251814476 | 
1397313422191921 | 
905917201820247 | 
780291671793952 | 
1460906992402904 | 
976666558169512 | 
899940742886245 | 
1518490382783306 | 
941823851836935 | 
1460631075410953 | 
1240116984670616 | 
1438351597806897 | 
1489123552811997 | 
4150061815217635 | 
1645865506785126 | 
1164353262173175 | 
1451517993315085 | 
1613125636497392 | 
2100263190797765 | 
25805505245745323 | 
929231556261866 | 
1153599263514828 | 
1473213771060106 | 
1461829125583641 | 
2752721971746332 | 
782124541635852 | 
1779581819381244 | 
735011216109851 | 
2691895951150340 | 
927007070030134 | 
1460113902162497 | 
924935526774063 | 
1421550282915992 | 
1032754895037887 | 
1621627019080888 | 
897644966345468 | 
3878843442421959 | 
1490321871934397 | 
875905765446938 | 
2104504080294234 | 
895973609644815 | 
1550256199430183 | 
1969993943911237 | 
1876379986390845 | 
2036221930274517 | 
1578004483312527 | 
2300128170483215 | 
1263267609250932 | 
1248734100072047 | 
1946610252621137 | 
4358503264432867 | 
1869704433633366 | 
904604025798448 | 
1972692103601443 | 
888878827319419 | 
4327060020874326 | 
1620106599322144 | 
2123209238431521 | 
2592317287889953 | 
1909571272998179 | 
1131761292327080 | 
936902348796613 | 
1972690263624007 | 
1592449612014091 | 
1981410252464422 | 
2071167210119514 | 
960354969862389 | 
1480661483605516 | 
26011454215170224 | 
1245896334338215 | 
4368454703425832 | 
1486113429533507 | 
1243802381206199 | 
805940679217464 | 
2194663384671735 | 
935300762480229 | 
915175344705237 | 
973507548681533 | 
2421996428252107 | 
1488780359344560 | 
783892444305737 | 
1587897895771691 | 
26634119652892105 | 
2097535434122398 | 
1995802827685812 | 
26258202867164189 | 
2345095269384803 | 
27153266857594355 | 
1460473058862075 | 
25980697894933771 | 
1508904870806768 | 
1925887804800036 | 
1598335527913640 | 
4095894453993907 | 
764308953225727 | 
1614946069549990 | 
2458285287963406 | 
1626213185386527 | 
1687696239341396 | 
637197876086264 | 
1494897515358137 | 
892298669965090 | 
1430765894978212 | 
1635973037726416 | 
1951051422468233 | 
871215545951046 | 
25602232816099686 | 
2050965905480489 | 
4195951467336410 | 
3442098325949093 | 
799017519929282 | 
1970242110553041 | 
2376760009456728 | 
34667198209562029 | 
1499494061310280 | 
922897813992600 | 
1494527388959267 | 
1496085548527681 | 
1466695878342648 | 
2329497327476608 | 
925186443463829 | 
2052554048872890 | 
1467150741478512 | 
2145903102834292 | 
1898907120823710 | 
928759223096679 | 
1504314334600199 | 
787618557731500 | 
1559501088619993 | 
959647826754997 | 
1457083275780412 | 
1272616044336383 | 
881517991297159 | 
1367317478752697 | 
25532870746395861 | 
845320251906472 | 
1982361405994415 | 
981595234520337 | 
2383117968835343 | 
1489779696185568 | 
966497556306570 | 
2027335967990491 | 
26458764593775684 | 
1919790938947154 | 
2007847303943960 | 
26330353236659663 | 
1533766281058243 | 
1206783984999455 | 
1372430184612754 | 
1642765126762830 | 
1717603166070144 | 
951100224532652 | 
1530216591857811 | 
4188389381379717 | 
958550293583579 | 
874923515604023 | 
3220822571412388 | 
1589993508772177 | 
794724690007134 | 
1681825882979196 | 
2803902943283129 | 
1239106878139422 | 
1460043749098176 | 
1886062372051859 | 
1889526758366968 | 
1585943382707243 | 
1493409485531082 | 
3795559267246615 | 
1493891995413076 | 
1310614830932291 | 
1130303502610773 | 
1822581581795680 | 
1244714921168771 | 
930574179589919 | 
2048734099245371 | 
2132141990871678 | 
692736330569627 | 
1949476999275001 | 
1858150921556296 | 
953904680523226 | 
1296310069051036 | 
1156148469777893 | 
1460300452229609 | 
1990955198162024 | 
890927050572754 | 
1463872281946408 | 
1664319225015743 | 
1874085080662816 | 
1379980584157870 | 
1698903541105963 | 
2955449864644219 | 
1056688643781745 | 
2149948479185619 | 
1916685165711256 | 
1446984100227313 | 
934039985999948 | 
1648231976381187 | 
1235778605336768 | 
2202121600598153 | 
2500373117026943 | 
1373804988101267 | 
2191509531381808 | 
2059003894661062 | 
974038805062732 | 
956332806857993 | 
2129689134535524 | 
1573077187316704 | 
1977863789469395 | 
1283558483841580 | 
2005917650363382 | 
958839013205760 | 
926309436952340 | 
4404763646506576 | 
1493928735686250 | 
1491241072429270 | 
1418383766226131 | 
2170153013735602 | 
1469390188315950 | 
1909664439688872 | 
1955992042469809 | 
1742945250472941 | 
1315140267161567 | 
2432865010563535 | 
1559216198874127 | 
2472630439838339 | 
2210685456403558 | 
1662272688256614 | 
2311351243028792 | 
941075205382033 | 
2202451087224513 | 
35691899473726616 | 
1358727276016995 | 
1359166266117439 | 
1274781221504972 | 
1659260998684982 | 
942102971870167 | 
1280013780938964 | 
1898630047506968 | 
1541921570629701 | 
952161180845910 | 
1913157462737130 | 
2176737323093936 | 
1724585728974763 | 
1626952101845119 | 
1434159234681541 | 
1615062019715027 | 
3938628173108631 | 
1907608269949050 | 
1512878330228622 | 
976253724862178 | 
26619578064367515 | 
1270068435283263 | 
1504696667976734 | 
1685150242675131 | 
959076557116710 | 
903326782750687 | 
999505916086284 | 
1515192420073260 | 
27752295751037876 | 
3537145936434586 | 
2417875105324327 | 
1309469224461258 | 
1710268356833730 | 
1655194243272425 | 
992137520009398 | 
1544680160566537 | 
2067977117096668 | 
4437798833122654 | 
2541151713030988 | 
2033805857559130 | 
1489419929564452 | 
26860399150266288 | 
2119941412118004 | 
1520216922781648 | 
1344042544281082 | 
1728835291447327 | 
970446232181955 | 
1485513053212690 | 
1552434569741463 | 
2016931065902689 | 
1448665396944358 | 
1546684043682996 | 
1936501570289763 | 
1582863162784571 | 
941929281978683 | 
1540909444221574 | 
1260624982716630 | 
971307062460351 | 
2426330621178147 | 
1484052719940023 | 
1591643148599730 | 
3918757631594943 | 
1305740121654133 | 
1421615039722294 | 
1531917491866549 | 
938589172498846 | 
3356371471191225 | 
877686338675714 | 
1824824498184418 | 
925276226943771 | 
1267799378806832 | 
4392991897625673 | 
1727709238392758 | 
1401747818666227 | 
859437893834137 | 
27103723489259733 | 
1294689995321973 | 
2267969590641077 | 
1474139090878341 | 
1454134223113595 | 
1703945994127655 | 
1333194292003961 | 
1605481781576991 | 
1035462135592417 | 
