1465887127802466 | 
3878398525793473 | 
773991918868066 | 
1401372401577487 | 
1559199968345931 | 
860311743050132 | 
783930451008169 | 
1300490831986150 | 
1235699875436677 | 
944028654969570 | 
1232759768974277 | 
916718570957303 | 
1610109433442075 | 
3323666797802671 | 
909112688421155 | 
4377566082518454 | 
1733885631879665 | 
3851104565186160 | 
765116929749474 | 
1627820581564928 | 
1481354416903202 | 
1824427244759011 | 
930315793295208 | 
1272098941056769 | 
2320760541733604 | 
955644920696480 | 
2062736857979018 | 
1511747753798310 | 
883396354713107 | 
1434996378092658 | 
938071295807805 | 
1501260218370980 | 
1561856882210843 | 
816446584840928 | 
1405927838003286 | 
807850989039069 | 
1656100068875733 | 
2186114768855199 | 
26746736488285629 | 
938899348867205 | 
1914184895932160 | 
2054888332131517 | 
1990826648212246 | 
704992086004574 | 
2103013577153326 | 
1455109882629197 | 
2245571719726467 | 
1455444612795896 | 
864164413363023 | 
867685173024950 | 
3538068039665188 | 
27171375325796287 | 
1670039977512641 | 
905784815668773 | 
1651199932614674 | 
2809141726151840 | 
26211732181850930 | 
2030796014508158 | 
3340804729415472 | 
26551345064483363 | 
