707953968990675 | 
24305381069158745 | 
1307779207471850 | 
687402643770023 | 
2961703154013603 | 
1390105982831166 | 
1336209658196517 | 
24764515029884798 | 
1365032631907524 | 
1467424997701245 | 
1871015367186861 | 
1914992905781494 | 
725589587167728 | 
1336267514969889 | 
1751735985520633 | 
1503736167443683 | 
1126616346301991 | 
3226946224120744 | 
1369638208062221 | 
810664221826316 | 
1174489274565029 | 
1788063688475171 | 
617589050611795 | 
2258667581244724 | 
1190391199626828 | 
1331047048767999 | 
1749401579316812 | 
683957594361790 | 
1384569213368571 | 
1744357143618027 | 
1590827882187488 | 
1389575249473382 | 
2914276642076178 | 
26457911023812713 | 
1406506923942847 | 
25859976080309048 | 
1253877236680635 | 
1656864505761172 | 
1169891274940887 | 
2141189580039853 | 
1807729856593308 | 
1609822336882733 | 
916137184535508 | 
1198857772315487 | 
838335742065779 | 
1338439981207573 | 
1468104661392334 | 
1092699033064419 | 
3788130578149047 | 
4480261945544388 | 
960109043183990 | 
944480271650958 | 
841651155612032 | 
2232653304145443 | 
1518197136351988 | 
2235204473953272 | 
2468119510266321 | 
1693311978373426 | 
1556992059175804 | 
1415372980306069 | 
1286961016905827 | 
1004654892140424 | 
1622012575555939 | 
1552923809591701 | 
955558177106930 | 
1663576251515633 | 
1633826834338924 | 
899317269847141 | 
2564931810590307 | 
2513113195773106 | 
1024045343899483 | 
1563046748513766 | 
1692280192124735 | 
4225777017654046 | 
1474732910641249 | 
1748199156162213 | 
1742259577012474 | 
1357109836469527 | 
2502468706852481 | 
1257426416178059 | 
