24305381069158745 | 
2961703154013603 | 
1336209658196517 | 
1365032631907524 | 
1467424997701245 | 
725589587167728 | 
1336267514969889 | 
1751735985520633 | 
1788063688475171 | 
617589050611795 | 
2258667581244724 | 
1190391199626828 | 
1331047048767999 | 
1749401579316812 | 
683957594361790 | 
1384569213368571 | 
1590827882187488 | 
2914276642076178 | 
26457911023812713 | 
1253877236680635 | 
2141189580039853 | 
1198857772315487 | 
1092699033064419 | 
3788130578149047 | 
4480261945544388 | 
944480271650958 | 
2235204473953272 | 
1415372980306069 | 
2513113195773106 | 
4225777017654046 | 
1474732910641249 | 
1742259577012474 | 
2502468706852481 | 
