1462764268021827 | 
1103655910759587 | 
697210329428498 | 
2096763127775944 | 
950208217427963 | 
630111726655085 | 
2255116841684347 | 
671255055541862 | 
1472794351132574 | 
1948970955988766 | 
955860980235772 | 
934951029511564 | 
1461028918743123 | 
906986392071289 | 
2146341256197867 | 
925714643369734 | 
1341583271327780 | 
1326993772621295 | 
1990596521492304 | 
1465598671644608 | 
944790128116807 | 
1481610400281864 | 
1254163176696183 | 
2237214470355214 | 
1431821831968401 | 
1570296060752500 | 
2118071382341573 | 
1835888683773222 | 
1587069985884006 | 
26019036241052275 | 
628465809672871 | 
1472985020884249 | 
1463523685302587 | 
4459643710987149 | 
1902168480402136 | 
1956975884891307 | 
1400793222060080 | 
768072116371564 | 
4438020576517808 | 
909001288574499 | 
1743508270336987 | 
1590365048555358 | 
2780337182310684 | 
2197349994131780 | 
2405255446587067 | 
1236897701542370 | 
2129650604554421 | 
906618258676818 | 
1447104123666089 | 
1848158955874547 | 
929578222781426 | 
2644255449308216 | 
730394403373286 | 
657853090482794 | 
2010533652835416 | 
1371134501368040 | 
822308507549739 | 
1458378449060550 | 
1657611268713190 | 
1634884394181161 | 
2475698446178080 | 
25978226601786902 | 
1239509561095401 | 
1299885085399235 | 
755854404060056 | 
1499875161559682 | 
906393925615279 | 
1997303367800071 | 
1706580200498531 | 
1547115296379335 | 
1217227193728728 | 
1979208116045366 | 
2029962340924853 | 
1401195867973547 | 
1638505837493079 | 
1932727398130131 | 
907715818717612 | 
1258073149750572 | 
1434870378353161 | 
1194999345822137 | 
1602587841013227 | 
1418656873060215 | 
1249528217314369 | 
900935296039934 | 
2103678197033795 | 
1252270189718476 | 
1821351232075207 | 
1640288124088710 | 
913120827994141 | 
2427585007685125 | 
659560656916787 | 
35538648812400878 | 
933164499368810 | 
1316431856964641 | 
932933975880940 | 
1711495209750018 | 
1289858063048574 | 
859411570443594 | 
2029449054284921 | 
956546540043810 | 
1669743317731024 | 
1664266058351148 | 
1496566468570344 | 
4435920336664311 | 
1528744912155726 | 
782224321605134 | 
1149178643883846 | 
918341131163547 | 
1469482271250256 | 
937288662193473 | 
1532507478874521 | 
769605266220886 | 
1464278731991057 | 
1604092020899876 | 
4347969118821731 | 
958365233305778 | 
1982972318882103 | 
2774447482895199 | 
896023663244973 | 
919320113839913 | 
2023467101885462 | 
2084040695775582 | 
1461346148921157 | 
1195861642395023 | 
864851502706315 | 
1247021237023491 | 
3665150626971493 | 
1603706310901729 | 
852311311179210 | 
821005611046069 | 
1369461630954928 | 
793529470470303 | 
935265209213048 | 
909576208666163 | 
809205578237562 | 
1442758150963049 | 
26585525177720439 | 
1294077212781077 | 
914946861461723 | 
2197141797487888 | 
1502773431440089 | 
1298890635415308 | 
1967725273837660 | 
1915439455800691 | 
928125253307554 | 
26235362106082840 | 
868089102944613 | 
899944332670693 | 
951412530682987 | 
1247251050808119 | 
783483584385406 | 
1211048561018826 | 
2808435149506210 | 
791113776830300 | 
1253614636189945 | 
1452299013237481 | 
1447841953544495 | 
1628482821807161 | 
4348691762122686 | 
4516607028554623 | 
904640015614538 | 
4480126018937411 | 
1639943334006679 | 
2146004442898705 | 
905537632359302 | 
1690091468855935 | 
26107708838871474 | 
1919486392268413 | 
1957672411773806 | 
2007779796619260 | 
893007846895444 | 
2334846830332378 | 
955424163488552 | 
3513465045473103 | 
2213072065765938 | 
789175320917690 | 
2027932231215057 | 
940106821841812 | 
919166963926665 | 
2033241837223213 | 
1020119541186171 | 
895102039997349 | 
1612654846598756 | 
762934459969428 | 
1261049285986023 | 
26514200011555741 | 
1120096060210159 | 
926544689919533 | 
1454978599606558 | 
1238429048494196 | 
922687733688791 | 
1458884926026114 | 
1405015944168619 | 
1968629781201108 | 
1901269637161380 | 
3850270841945991 | 
949540297509538 | 
796567286279031 | 
1298002959048145 | 
897144939760975 | 
1984872492098068 | 
1218543943597724 | 
3469363103216331 | 
1697767438255665 | 
945130991301806 | 
5221740934716884 | 
905419662276331 | 
1250947170460291 | 
923127917077852 | 
854542144269057 | 
1463665502100291 | 
1818819298785462 | 
1950392062251948 | 
1431300641781838 | 
1722530495214868 | 
953608450675379 | 
1973069020307747 | 
912738978208155 | 
1399876465157069 | 
1449209476896576 | 
810836271363399 | 
853094361076988 | 
919240377695546 | 
969709258740827 | 
972332075354700 | 
1933036727311484 | 
1467663421650742 | 
944690491288183 | 
1047964410561186 | 
4303903889885303 | 
1603036027611330 | 
1978034613595442 | 
1441693344004746 | 
1157779043099091 | 
1442794264017251 | 
1605219130788058 | 
917515134328302 | 
900660416188267 | 
965753739520835 | 
785759310813928 | 
26013377218324777 | 
2099191667541395 | 
783181224845496 | 
1533470635013871 | 
1238521901819862 | 
937295225510182 | 
1776855390386242 | 
1392625492667357 | 
1481501753341104 | 
1372622894552995 | 
922995940593791 | 
956984106893562 | 
1576262416967762 | 
1649215252907762 | 
2436585290105146 | 
2106502326852771 | 
1612664513346303 | 
1445537907075145 | 
1440678241137222 | 
1434191728252586 | 
779985671830999 | 
942253088660896 | 
960263089896757 | 
2167610827110610 | 
1902265850657939 | 
2173969020040171 | 
1219039933549745 | 
917034457717726 | 
1414131963168270 | 
2049915812549786 | 
2656797614701683 | 
1816141822359462 | 
4500202220305217 | 
2110837679754112 | 
1451367833102659 | 
3495905967234202 | 
2016359085980395 | 
1693058082075948 | 
1575574441237328 | 
2344769616032819 | 
902993366062002 | 
1655247418937388 | 
2465290810562094 | 
1467949544965088 | 
26161553020153579 | 
4318102601738227 | 
1463668591823959 | 
1982357209828429 | 
1611127116767335 | 
4309578705985981 | 
898272662813226 | 
961895506173649 | 
1453848819774497 | 
1814807669216347 | 
4043170525817325 | 
850063104720551 | 
1638803750479460 | 
901421335993482 | 
4103544173199485 | 
1872158380132043 | 
1514167316794007 | 
992746186883175 | 
1992440221623075 | 
913573041376432 | 
1241963501373982 | 
1413297646673363 | 
2811460435859627 | 
937142785417844 | 
913154581325816 | 
945817481430316 | 
1270442595012863 | 
1580024656414685 | 
989983270257403 | 
1227958596137594 | 
1460558389132332 | 
796934963448042 | 
1284627876895548 | 
3901015420198774 | 
1402794181531955 | 
3470980356373078 | 
2026739811523040 | 
1499008521942177 | 
941577315228336 | 
1563090194778138 | 
3081789228677250 | 
1230964172521305 | 
2007295730201102 | 
1237980891815325 | 
1837384310309862 | 
25854522674219293 | 
1511541384306921 | 
900953939450060 | 
915283327811727 | 
1434064888184258 | 
1554379168958555 | 
1409962250403658 | 
2122549511862630 | 
1492387775726701 | 
947149154559131 | 
909595341887317 | 
2002706830589643 | 
2031727817725385 | 
949532541101796 | 
933583716227601 | 
805230335342737 | 
1202693068394915 | 
1940803953978131 | 
3769256893427250 | 
907046285389447 | 
35159102197021762 | 
1601324707784086 | 
1212672504188821 | 
3006075922914721 | 
2399307037194905 | 
1718735572447985 | 
1492478945634020 | 
1275453651225152 | 
1446289273664769 | 
1451427836587181 | 
2280393816088622 | 
1565659561400649 | 
785249991240167 | 
791245930707317 | 
1685622872806459 | 
803256749481146 | 
1119588653626947 | 
850271471398026 | 
4335197233419330 | 
900189412655549 | 
1642512266935787 | 
1545132623219434 | 
915075528091895 | 
1246199637619872 | 
795993216887730 | 
1092854383018074 | 
1247541003549651 | 
592863973845121 | 
2020702861807826 | 
951038307883217 | 
1471763617868734 | 
1436581287933804 | 
1422860236250962 | 
1379092050285241 | 
768403552693109 | 
839349265834660 | 
1715980752705383 | 
1352452923546320 | 
1463818455131730 | 
940687271684477 | 
1408734183873187 | 
1350383076910284 | 
1454973409401037 | 
1245569891112939 | 
4473609929589812 | 
1087427306890908 | 
1592491345316976 | 
1598677861402863 | 
926872263608344 | 
1747972719500065 | 
1232577179002092 | 
903268279350104 | 
1439233007687912 | 
949692604164600 | 
1628141891938789 | 
25200044013004676 | 
951432590904615 | 
1604373000904830 | 
915676568122964 | 
1933790983885564 | 
1399077235236572 | 
2164001310804797 | 
812476144524974 | 
1445349167318195 | 
1456186272551182 | 
1622503439001539 | 
909887964999248 | 
1838511036917366 | 
4015216598777980 | 
910720634912637 | 
862377886807730 | 
887307397454790 | 
1648856392962545 | 
1450154373447753 | 
928654310130583 | 
4333548380215269 | 
1597676911534387 | 
2079757146194013 | 
1964354151119913 | 
1772952377022148 | 
26493019546982146 | 
946124684425185 | 
895677523530723 | 
1436621317439794 | 
3426014490891013 | 
936200555454457 | 
913434941392135 | 
2429071887520502 | 
1549347472796296 | 
26555846127356446 | 
924208916761177 | 
906363062387343 | 
788455280975881 | 
1254006679506310 | 
1635085490844032 | 
1449945043464230 | 
26415550174800163 | 
2022400792035301 | 
26695841746686331 | 
1245639974408128 | 
921639197463363 | 
1430579928547875 | 
2096802444440272 | 
907720152168776 | 
965645509324788 | 
928898966293975 | 
3893972720907203 | 
1491333505919859 | 
2184689442269669 | 
1903924536995613 | 
1294135535908314 | 
1631048601571019 | 
1620376199382609 | 
906864462242200 | 
1277518757664608 | 
1998667904867134 | 
2026188374939997 | 
2433035293795844 | 
1582949682992944 | 
2172693006891196 | 
1472570077706210 | 
3128307554006125 | 
793603009961715 | 
969599605727635 | 
1252997392984082 | 
1455412346176688 | 
1909157916431339 | 
1263990302546137 | 
1231455465848051 | 
2009770953278913 | 
2120076355484422 | 
4647584682154065 | 
898880272774717 | 
906444718839872 | 
1610975506839315 | 
1428688195302108 | 
1651690669515176 | 
1387292196485155 | 
1616578459388977 | 
1654816025673962 | 
763356559873675 | 
2182711349199440 | 
801202982463787 | 
953207573718904 | 
1613933089747905 | 
1495265475285999 | 
1252472053007281 | 
1479418990279742 | 
1629066664897765 | 
1246543330362805 | 
2037720850118762 | 
2348532095667072 | 
791868527322300 | 
929844689455758 | 
1403711134555247 | 
724209227444900 | 
1226904746273383 | 
1590171185464081 | 
1591114282148587 | 
2411528392622480 | 
2120023085446369 | 
2513554469039024 | 
912132291307035 | 
1476527964091182 | 
930215946169494 | 
869315792814831 | 
1242474378010547 | 
1417524966222947 | 
3094837584039709 | 
926540506524932 | 
1480435546925656 | 
1462293112286515 | 
2370381303457018 | 
3275537142615111 | 
2270141660063177 | 
908724528574950 | 
902392232605809 | 
4279248478953655 | 
974921575287556 | 
882877644732370 | 
3290282111141329 | 
1466235094909177 | 
950355614000698 | 
2782207505447505 | 
1586511889273176 | 
1584900582793549 | 
1611489390075903 | 
2216468875553161 | 
1472689180887129 | 
1959010364824799 | 
786958384475316 | 
2457893708005261 | 
1471597701375218 | 
1263832619038480 | 
911654878420595 | 
943000711582393 | 
821397390210904 | 
1977337162854290 | 
1191745689504588 | 
3228591980656427 | 
1459166009209707 | 
2646874609039068 | 
1430291351929772 | 
1365209315377911 | 
2247914336135846 | 
4462444860704217 | 
1975794609812573 | 
1477134627184083 | 
956540960380668 | 
2400026957137568 | 
1373572894450916 | 
1302399055283737 | 
923164923754540 | 
1652288236187747 | 
1439779550921216 | 
943213768196837 | 
811694574592677 | 
1457355075775140 | 
958444303419876 | 
1413165356797004 | 
1237023781880103 | 
26529573563321081 | 
1487413916504953 | 
1477385437507830 | 
757803077210701 | 
1416174592998169 | 
1923603748300942 | 
958721623385508 | 
1987133368818064 | 
1699132141241354 | 
1449869213305271 | 
4593460584310054 | 
926506470230214 | 
1715746543137178 | 
1417510706787734 | 
881872578152024 | 
2188960911862517 | 
2069468076927957 | 
912883318195738 | 
1993232138273374 | 
937480295433138 | 
921257010288729 | 
3057152351142671 | 
1243822381219542 | 
1660023822102241 | 
1284794843081821 | 
1260816925979492 | 
1255173883246204 | 
1279354944063268 | 
954534117082820 | 
918513207447262 | 
1929355091041879 | 
888941907461144 | 
2361834687631057 | 
1614703236144056 | 
1644856776698481 | 
917471241006206 | 
917112974258370 | 
1601185491162476 | 
1309113141265168 | 
898861982969946 | 
1455729436197938 | 
967565125702668 | 
940535441808071 | 
1196692192283148 | 
1256327385937641 | 
935821505641788 | 
2337382506673708 | 
1214426154198718 | 
1464470815297618 | 
1618190216176443 | 
986940886992768 | 
1289226676634361 | 
953032157407910 | 
2172558506904094 | 
1927023934581213 | 
2017043409161258 | 
2884764025207142 | 
1952702368696833 | 
1872818463418383 | 
2201231380711924 | 
2815441405469902 | 
1281217127241165 | 
1329600989210546 | 
1228808486036896 | 
1055700544287126 | 
1242642054114001 | 
2334577670342270 | 
1553661955703520 | 
1990562948480216 | 
1660151228332938 | 
1999922327577799 | 
2013479355869201 | 
4259154847564737 | 
1643839096804346 | 
1565142484568441 | 
1480330553558711 | 
1528399765296298 | 
952268687475039 | 
26130588589954604 | 
1659760498369332 | 
26088500760777953 | 
2198830590862385 | 
1764728268187039 | 
2146615312577219 | 
2032035220675398 | 
2382298475596534 | 
1472122570943755 | 
1977904869468726 | 
1622426865767960 | 
1568465477561403 | 
1454906702690472 | 
711192455322588 | 
2002445203638957 | 
3454343414717407 | 
879898388382908 | 
2030479981145265 | 
4298320847070802 | 
1660656671606672 | 
1270569191886411 | 
1714425469577206 | 
2541827722879415 | 
3838274916464669 | 
4140194712957321 | 
1534558654764131 | 
933079682650120 | 
608533969017287 | 
1546316857494292 | 
3729185087290402 | 
1223219806688118 | 
26468165509444404 | 
2085206652274303 | 
4417111898572992 | 
2693486791020974 | 
1488039062657317 | 
1257887822338639 | 
929771360010325 | 
1195125342475706 | 
1319699993302912 | 
1416425403036702 | 
26249524238015131 | 
1495809755502252 | 
26807112985558516 | 
25978569075096779 | 
1728119652301886 | 
1452123216416447 | 
1241040338155958 | 
1410455143741890 | 
733659819701352 | 
1918312582224931 | 
1611343003447468 | 
2159020221524806 | 
1048411771175251 | 
27121660200770036 | 
1596763618194475 | 
1853803921996472 | 
3340125836151332 | 
2322736384876176 | 
26265521959804161 | 
950562370819562 | 
2061349211459704 | 
26056184740675757 | 
1997723484513581 | 
2014990082698096 | 
1630096121331495 | 
1437739384694596 | 
1263284835369730 | 
1974756886769704 | 
964316236773085 | 
2031493940807872 | 
923573187041945 | 
1349340167015307 | 
1327104206132354 | 
1552851099130968 | 
945071681238649 | 
945402964623345 | 
937404382013036 | 
1201257768524509 | 
793323647160088 | 
2373920583052266 | 
1622504112402425 | 
1505073124662727 | 
918908811065352 | 
1238225781771833 | 
3353209094855110 | 
1250989087178951 | 
1879684886075233 | 
2180165122803801 | 
1957206174871166 | 
1232070825782793 | 
926736039761176 | 
2119449442208641 | 
2151185285626351 | 
1409204381003078 | 
1488312312679292 | 
944063334810961 | 
1929749037643958 | 
973543432008420 | 
1486962346347567 | 
917048397857137 | 
1590816892224093 | 
1227890712665784 | 
1252728986268596 | 
1501491914732859 | 
936366512199364 | 
1749380113106821 | 
1667188577774393 | 
933938949216989 | 
1518982692928316 | 
2085527415637311 | 
1326028155954878 | 
1448712399988588 | 
1521595699970380 | 
1577997643419758 | 
1252765976428841 | 
1643281266984810 | 
1378603050974810 | 
2113315696149143 | 
2084335922346882 | 
3132752630238100 | 
1481072230336595 | 
1226043749651006 | 
2378664779320845 | 
950034061307637 | 
4001045316854072 | 
971552565444465 | 
1914551139453575 | 
805799382573190 | 
1291227096226861 | 
1324013862877179 | 
989098610468881 | 
792777207198261 | 
1568561057582938 | 
848525824937611 | 
1568199984283920 | 
1604878794178475 | 
1142957004523111 | 
2105782993603823 | 
1272041888131872 | 
2013630229501723 | 
1382850126840634 | 
1473751961082410 | 
1466960401530586 | 
1458053312628007 | 
1639104460416682 | 
808418168251678 | 
812886384464913 | 
761486520121716 | 
1182744823735432 | 
1462030515567120 | 
908703268711091 | 
936969605547786 | 
1562981741446918 | 
915227094815692 | 
3111003892432529 | 
898480559700466 | 
2113059542860353 | 
1253864636848810 | 
1602990047579025 | 
2121802365236017 | 
2547795262303553 | 
1352979886882145 | 
1942282150010305 | 
1257885645743175 | 
1438066757253599 | 
936103095678100 | 
1448699503627686 | 
1248301676834281 | 
1906735613536069 | 
1424805886051995 | 
2127843551286106 | 
2190023801738527 | 
787638750608157 | 
1624621518761318 | 
1254108200022557 | 
781604914603005 | 
26140106129016643 | 
1462742312238898 | 
2110568903037386 | 
703283686139943 | 
1198790755408944 | 
1469801477676040 | 
1455516529697584 | 
1231830752403385 | 
1575622540323070 | 
764676789833756 | 
1478977747154318 | 
1976374383254623 | 
1294438055945188 | 
921717777135680 | 
941815298354541 | 
1467457775022044 | 
2408370959584483 | 
2170251427061069 | 
2000093677525997 | 
918623717584004 | 
1638256744037055 | 
1508284490871878 | 
1609447480201139 | 
2070450620192481 | 
1661808711667832 | 
1639531980557109 | 
1291127779545798 | 
2000134507231650 | 
898015206326806 | 
888252890697439 | 
908239225437387 | 
1239061777875273 | 
1310097584315863 | 
1279088300951749 | 
2027222524844873 | 
2753584951663139 | 
1265151365543895 | 
1543828627579173 | 
1298363055438295 | 
1474739984223046 | 
1299583252227405 | 
2357208411408831 | 
26173404365621596 | 
1894163614565312 | 
1238769094902414 | 
1241797361491459 | 
1464128655349624 | 
914980311434666 | 
1914731302506294 | 
1498859911799870 | 
1331206699061209 | 
25376520505354673 | 
1405895474161025 | 
706507742455199 | 
908871135365826 | 
934976858948537 | 
925406363328448 | 
1918440192174271 | 
1606215423765650 | 
1184273220449620 | 
2021381735425372 | 
1272348211486374 | 
1155469003230946 | 
773000572196936 | 
919865197462350 | 
940018595236722 | 
955261060783904 | 
1243132617939851 | 
860458363713194 | 
923445020045959 | 
1434269331529109 | 
1317921443721260 | 
1428843582119799 | 
1598370461430936 | 
958221926728602 | 
963743716299001 | 
953749503794528 | 
897004886586612 | 
1263225821843921 | 
843761752058362 | 
2457449108107375 | 
1127388989463756 | 
1378355304062144 | 
2889731421230997 | 
1483791590076776 | 
4209816725975828 | 
796051526873994 | 
822853067495458 | 
1633622427645217 | 
3375263115971696 | 
2229635810777800 | 
1468543618261843 | 
916163051015799 | 
1632177667978583 | 
1593721751710066 | 
1671302040576785 | 
975295388262885 | 
1701742784599784 | 
792324350592788 | 
1169869411737850 | 
921195053704508 | 
2249082582166270 | 
1260096816065698 | 
1474571607333733 | 
938029858749705 | 
4314857822128409 | 
2015503062719912 | 
1470291874608746 | 
4410302132622784 | 
952779164103753 | 
1634155214471283 | 
2196675121163938 | 
1619986129127899 | 
2118966485550059 | 
26031437039870582 | 
3285133821660791 | 
893503830247986 | 
2327487781105192 | 
1229257656055912 | 
3790866277887034 | 
943935838187361 | 
1632744211065192 | 
1801501023849535 | 
1590499468685127 | 
799960272660124 | 
1851228938865279 | 
3852807204861106 | 
901978706037289 | 
1255875025976058 | 
965630899130714 | 
1249706407369382 | 
1281485677230011 | 
1309254891030125 | 
1367437211808683 | 
2802058343475519 | 
2320379488463654 | 
885841157779605 | 
1576199300342911 | 
859476553768187 | 
1082240150768732 | 
2169993970415403 | 
1470898304390124 | 
1637731860701231 | 
1256451389909893 | 
930810652822699 | 
1803838310294151 | 
2046212402660452 | 
2445516152579242 | 
930688246108972 | 
2045441703015363 | 
1235025278288914 | 
1994324014819112 | 
1298526155504270 | 
775035732131178 | 
1658640321838641 | 
3123089374537431 | 
947416374415569 | 
1258727412374708 | 
930990489536043 | 
1588740052211541 | 
894737446894868 | 
932903445804979 | 
2453864265042516 | 
982172900819879 | 
2370817616733259 | 
3230789887082245 | 
940488788514384 | 
903943199283589 | 
3425953530887709 | 
1165488402214131 | 
1461226652209292 | 
3180336622154586 | 
1260139705472725 | 
1667714707730804 | 
4469831013340844 | 
4292879897638128 | 
3806963236100569 | 
1413355900268246 | 
1649004136116205 | 
1507869667424711 | 
722055714206873 | 
1976928763260182 | 
1401770551258010 | 
25974452682225764 | 
1233781751802108 | 
3874926852809053 | 
4239036069759714 | 
4318238655090259 | 
2345893899224184 | 
4225824471010684 | 
1585215882685720 | 
1227610209586865 | 
1977997426403972 | 
3126627397541134 | 
904354602438970 | 
1642963590383275 | 
1491935579116830 | 
2423893698128495 | 
1433690731788486 | 
1858954601476290 | 
4602029753414271 | 
1325532926050808 | 
2711457142537843 | 
1768945707412994 | 
1625335265377416 | 
2373117906499293 | 
26094833773515464 | 
922266890673030 | 
25831629796465368 | 
3368025656696255 | 
1614003246573305 | 
739861852397883 | 
2120165028745939 | 
903296179247743 | 
1644328980347028 | 
2018890162379181 | 
1167644578712786 | 
1642124063462944 | 
768503539404763 | 
4413042812305930 | 
1632900244692453 | 
949485650894979 | 
1360449432787519 | 
795403340279203 | 
1477021213992570 | 
1421291829047463 | 
1706522946984777 | 
1700014037823627 | 
2040372479843605 | 
1614014853131819 | 
1910295752938859 | 
1229283845955991 | 
26305357772426635 | 
1503061058147395 | 
1343489854188682 | 
1583191622798094 | 
784089368085289 | 
925653376912168 | 
864155373342436 | 
928731246541197 | 
899695819601450 | 
934071546221594 | 
937828798765581 | 
936047725464500 | 
1421653082797383 | 
907250408793495 | 
2252077838654399 | 
1992103448374877 | 
2007460396840873 | 
1966179010665892 | 
910718111672708 | 
1639457277181086 | 
1343393344482758 | 
960370389748271 | 
2733410587036996 | 
936371802681805 | 
1273112664884763 | 
913521221538091 | 
1281045954090147 | 
707548512445995 | 
4013972425403093 | 
1203994191808139 | 
1867307710581636 | 
930359923249240 | 
872996212441978 | 
1897486770966204 | 
970487238744352 | 
2380320482456113 | 
2456997094751550 | 
1027321431655426 | 
2715563851941166 | 
672123364734148 | 
1108861400465416 | 
1437571168078821 | 
1406045294537572 | 
1454670206039646 | 
866086493155930 | 
1643561810099171 | 
1630033941542385 | 
1105248095100175 | 
1260954675957546 | 
956408166917832 | 
1274221921309340 | 
1617296059491872 | 
1595555221558523 | 
2004724390402613 | 
3859034027723700 | 
26034736952865286 | 
2436288616877229 | 
3357117394443850 | 
2042016969679932 | 
1862690201078530 | 
1639660307157346 | 
1647046106316176 | 
1334460645188815 | 
1329530152566946 | 
1347390690561415 | 
2044885436074046 | 
1188526183221379 | 
1410463957502298 | 
1431528418749792 | 
26351735774459685 | 
939218715732287 | 
786268147519591 | 
1256252493374572 | 
2084704055707736 | 
2184412562387168 | 
2288720158284105 | 
957115650148446 | 
1313293890850124 | 
1469838394845236 | 
1879959426055387 | 
1263119205954124 | 
743291032083102 | 
772240389043284 | 
1280508736779824 | 
1267504601483890 | 
817729784695378 | 
3843033832669742 | 
2214281482440179 | 
1449934603209837 | 
926464006824807 | 
1442634240679745 | 
1495943058613656 | 
1628896698048781 | 
1417339556379767 | 
1584963749284301 | 
1735969237806085 | 
1508371197410293 | 
1738794923767640 | 
1483897960131802 | 
1257666922616487 | 
961205816623682 | 
2382922368818989 | 
1627065378336126 | 
946566504451425 | 
974950878438849 | 
1650642836126372 | 
908782578691210 | 
954684533674804 | 
1439983524293153 | 
947393527797562 | 
1484216089973188 | 
1491020032691249 | 
969843179059313 | 
2019370982323573 | 
26316913761303977 | 
4437875136435198 | 
1560008811737983 | 
1273703904866917 | 
929140476500408 | 
26834993112775291 | 
1656237695824925 | 
1240490987798103 | 
1700447867751780 | 
1479287707149889 | 
2237329076674384 | 
1635659147674402 | 
1008676378229275 | 
919672314384145 | 
1896102287692019 | 
1271064078570343 | 
790075147164498 | 
1281651264142850 | 
828897442870392 | 
1626102068629761 | 
4278509815706031 | 
1297546428936914 | 
1619462579349662 | 
1969509247286383 | 
1411679620183764 | 
2096239554502487 | 
874309375647040 | 
1394796459084536 | 
2373171626515830 | 
764799496481488 | 
986673870368626 | 
953050680454484 | 
824449710050272 | 
2132389257605093 | 
1751529656256962 | 
1629687324970002 | 
1487915182983116 | 
1426247565917009 | 
1529201342095040 | 
1852549058762327 | 
2264022420788843 | 
2161147244633648 | 
2434838037016769 | 
1288170536597896 | 
1583780516047122 | 
2017259985496557 | 
1910786322941387 | 
1906316446680774 | 
1495638248783624 | 
2016133355973412 | 
959368436588336 | 
26446831858338460 | 
4356427824635566 | 
2222965771566634 | 
1480890497021666 | 
938681232423953 | 
2183759319108905 | 
26352852141000731 | 
2104807596727785 | 
2740501729627029 | 
2006819510182860 | 
1600812521714798 | 
966737465895505 | 
1623032282279944 | 
965817989243396 | 
1751785559518391 | 
831302902559393 | 
1328798825940138 | 
973782578556840 | 
1514192456717027 | 
913420431474878 | 
1231020942547753 | 
1893564997957519 | 
905606675627254 | 
1290647796411456 | 
967651652608826 | 
1273212190917572 | 
1641745010188678 | 
1398281308718394 | 
1247546444217830 | 
1477177700603225 | 
1275967610580494 | 
1461897785662117 | 
1295767562435244 | 
2840115623001259 | 
2141766583266550 | 
1614079993138621 | 
1629628181613646 | 
1338686501376731 | 
2044072083189515 | 
4473167876273874 | 
953559093699620 | 
1682158859766800 | 
1252949257033535 | 
25660191156991625 | 
932646356216047 | 
2010000486591190 | 
1741240410591197 | 
1167337548731764 | 
1762904994687951 | 
1971286126799667 | 
963340702827251 | 
1532292808314266 | 
944068125096241 | 
798864182809605 | 
830128153442145 | 
963380596378361 | 
25989862544048530 | 
2358718197971207 | 
2368472690314049 | 
1510004180687945 | 
944160061482144 | 
26453578337592359 | 
1430285071580152 | 
2193765737822457 | 
26902788545973768 | 
1597347474905121 | 
1382045520357102 | 
1605850117334475 | 
2028358568108046 | 
1660976271702606 | 
935400102368384 | 
1842333103113448 | 
921707547389910 | 
1509492943931286 | 
1291097869647129 | 
2158033464944394 | 
1256501309859148 | 
1417588476804433 | 
26165223216466250 | 
949336594260417 | 
940241942031157 | 
1237547868539392 | 
980839207713322 | 
2454097181719274 | 
789972480482402 | 
1641520286858159 | 
1252422130438809 | 
26695768190063776 | 
1459932492343844 | 
1829528997728626 | 
968641092351368 | 
2019566442242781 | 
1423722986103576 | 
1667850337723995 | 
1909166559788292 | 
1302611968406678 | 
26505647689041153 | 
1467608488347381 | 
1279171487692512 | 
955504293572344 | 
1642541313539593 | 
1811318906204461 | 
1472259227934234 | 
1579388679954159 | 
1456302325964694 | 
1877722979610192 | 
1944238296299341 | 
953370417139772 | 
1610817200222579 | 
2424683204626784 | 
961512089700574 | 
1324707246189982 | 
1580030813276322 | 
870631435988322 | 
1243285154682832 | 
940020205288901 | 
838712215912822 | 
2000834817529739 | 
1717392029229640 | 
920213434101445 | 
1504372684725724 | 
2928250994187243 | 
765354506429382 | 
1246584590956172 | 
1721270682169669 | 
1350490186839837 | 
4400459340272750 | 
2423478204746920 | 
2608281489558114 | 
1271535281573136 | 
2133796184106326 | 
4214590645446910 | 
920720794133505 | 
958072570124160 | 
1280370644052566 | 
970582841982924 | 
945870141270134 | 
1251639813234766 | 
1636900540773574 | 
1340863741420039 | 
1511718723624772 | 
1487649929768370 | 
1239130591206481 | 
26747800054825608 | 
4407873666124236 | 
1598136781465579 | 
1418083212971538 | 
831336079226418 | 
27289663303957459 | 
2178579359573621 | 
1592062315336427 | 
925854080345031 | 
26466864282910106 | 
2164700934361263 | 
1735774654496517 | 
1415140779923600 | 
1564962034604285 | 
2243466896465362 | 
1770862677218949 | 
1176605017710607 | 
1491153699232048 | 
924208233721054 | 
855806077519109 | 
4191308854462728 | 
818616907953750 | 
919713907612725 | 
957109626820246 | 
1963502487576904 | 
2006307926620748 | 
1478676770546861 | 
26257677913841857 | 
957743897248008 | 
1472770284511699 | 
1216740810539506 | 
952803580771464 | 
1350501813771020 | 
26490843360605229 | 
1620143042436196 | 
2053684562159007 | 
889694384113547 | 
1620552695958373 | 
1583971692658701 | 
1269778445245887 | 
944685951447286 | 
931620289567538 | 
4703503313210252 | 
1294793129186622 | 
947477754452956 | 
2337399686745578 | 
983328094030164 | 
1264203199236447 | 
2360267414454029 | 
2367332457077208 | 
1248810874123210 | 
970901718715266 | 
833219265775698 | 
1450730113503868 | 
1324083306205925 | 
1260698036239640 | 
901137469576507 | 
4378972815650449 | 
1845447226074764 | 
1277786541217404 | 
1562868484820137 | 
802547275612698 | 
2387674551658989 | 
1706738843638904 | 
2355254281622028 | 
2307187073124689 | 
1240917894413612 | 
1992701067992102 | 
938115155628219 | 
1257844292547639 | 
2158197998249543 | 
1743784826990431 | 
1996748020921923 | 
1821369118544157 | 
928340160000145 | 
1964025064486080 | 
1354076153424639 | 
1266310775049285 | 
1283152427093416 | 
1690914012067775 | 
1473251937490298 | 
1598497648106025 | 
4420345068223779 | 
3281062592064912 | 
1488844992807159 | 
1650332546319661 | 
3430251033806424 | 
1725231848444073 | 
933798379363634 | 
1511210757386527 | 
1187849089938131 | 
965668192570604 | 
976323951566373 | 
1414677364005651 | 
928396076591285 | 
1299618555380425 | 
1253714956335641 | 
1477998193906967 | 
2636378730067468 | 
1707642000205912 | 
963899526143770 | 
1165073992293601 | 
1116472411540293 | 
1952383218819175 | 
1292059662981402 | 
1375708601264463 | 
1569327237482978 | 
2350583365416269 | 
34880307818279763 | 
1278460707557519 | 
774653559052502 | 
830222360098267 | 
1486217746505409 | 
959597229742233 | 
960862669768376 | 
1493222255532964 | 
1665950051071107 | 
1246971104310782 | 
1629611128163448 | 
743039012092681 | 
1893063694676712 | 
1585549235842396 | 
1635328894180880 | 
1460232625641280 | 
1465897858222875 | 
1415901280336964 | 
1473701244104224 | 
2049989335733007 | 
1323463349832274 | 
1776896909933603 | 
1252818493671106 | 
1310607227569351 | 
794333413729217 | 
1469744568110998 | 
1480310090147438 | 
2052630355303442 | 
1736339727527366 | 
1474626027580258 | 
4388742894671291 | 
1649909589686303 | 
1428265491822489 | 
961483949673528 | 
1702715294420522 | 
1465711354994951 | 
993128450041369 | 
1828185631879899 | 
2396703987472114 | 
951362887381950 | 
1445070350363627 | 
1321426873170354 | 
940596402230195 | 
1697776324574797 | 
1853057035377867 | 
1370613874497024 | 
931279749702332 | 
2021125532158363 | 
949514937763009 | 
1675295510158593 | 
2700208973661022 | 
1571106991307598 | 
988585163585178 | 
983097264040305 | 
1453079199645714 | 
1431184858592785 | 
1488321255994878 | 
3906907202776371 | 
1608388410434885 | 
1392138552956508 | 
925618810085611 | 
1453413783030078 | 
4210797012515583 | 
1609105930338393 | 
882097658260608 | 
1726976488467219 | 
1475247440658904 | 
1619300522680281 | 
1343630601292501 | 
1784254236313385 | 
1494699672292028 | 
1490235012674855 | 
1613076113178139 | 
1400358235094612 | 
25830477769968819 | 
1499032311934081 | 
948428210922881 | 
1726552698548350 | 
1214018397197550 | 
1253316063197127 | 
1135841621937415 | 
1475142243944520 | 
1520951576697884 | 
3807605292703161 | 
1469696164849361 | 
1457045912754573 | 
26939154299004885 | 
1673690163799544 | 
940192022029019 | 
1863825857636492 | 
1840107930034862 | 
1651549322939960 | 
818089577821995 | 
1512808127138402 | 
1212521874125738 | 
881542944443071 | 
1467013997994079 | 
1275327827842333 | 
1453175089598921 | 
979148267796938 | 
1900090137539550 | 
1702044221204143 | 
1643550866689181 | 
1208824624354029 | 
2158144314773572 | 
1545650020318404 | 
2015560909315793 | 
3426389290851416 | 
2193960544705417 | 
1690239088988151 | 
1513235337064681 | 
1657294531965907 | 
2103188477192337 | 
1420373115805983 | 
35307772348868800 | 
1228727092679787 | 
2133909337400242 | 
1654492435836243 | 
1287984996766105 | 
1337385678309989 | 
1216255280491736 | 
2145463926256341 | 
1316390680599464 | 
26517171811312095 | 
1091086473181125 | 
1427758889025599 | 
1633233447896592 | 
1405909640715396 | 
1431524152321258 | 
983394591001255 | 
2161076601310855 | 
987909460464502 | 
1275897270711684 | 
991016797193617 | 
873752512391380 | 
2972784619576274 | 
1454659769228183 | 
1675475563902870 | 
1015864837551600 | 
974005641646779 | 
1669385604380317 | 
895727406846349 | 
761254333451719 | 
924740423887096 | 
1537862404372828 | 
1258407912669065 | 
4220908611571900 | 
4525008394449870 | 
1579286226506537 | 
1838682924100243 | 
2048007862451808 | 
2445611195909547 | 
944635114755063 | 
1537234764468124 | 
1273488314284049 | 
4253016171675248 | 
2034723187432594 | 
993789680066561 | 
1754882705481959 | 
1990496838247150 | 
801378525986072 | 
903831358931929 | 
1314514183749781 | 
1689243658878729 | 
994413110226700 | 
27512515315007052 | 
1986559861981365 | 
2098389934065077 | 
1621952968886172 | 
1286644646869817 | 
1517460869883009 | 
1328035079435447 | 
2427454667680062 | 
2056735255266455 | 
978985987813507 | 
1489207442868036 | 
2439821483198862 | 
1305240804545990 | 
1379939840630387 | 
974849928667170 | 
1979159702965209 | 
1713983986398075 | 
892414820493202 | 
2077449736151511 | 
1511007030641423 | 
955717304180500 | 
2457860377990410 | 
1405131244197427 | 
3179575902248263 | 
720641517806024 | 
957318866886448 | 
1321240393277628 | 
1235904471780765 | 
1523135359284727 | 
2469928896753990 | 
945289957862939 | 
993857593385982 | 
896425363156842 | 
1004156675610789 | 
1625302958732229 | 
985045047661715 | 
2181044539329977 | 
927023210373785 | 
2337763496748711 | 
1181655333945024 | 
1704525020688158 | 
795966839938011 | 
1642350433572000 | 
2218265512278241 | 
963887796028417 | 
2140124723421702 | 
1332731995470045 | 
2070665607195244 | 
1371693684888020 | 
1650761486147126 | 
1649952209393732 | 
1476602573937925 | 
907257292303631 | 
1856594398361372 | 
1019258897123689 | 
1717887599633085 | 
2904599479746100 | 
966671825907020 | 
1303726414990802 | 
1659062145244094 | 
2090317325233673 | 
26970233345914105 | 
955388063537563 | 
881303958255655 | 
2400725540433617 | 
736149869519290 | 
2878027569204726 | 
979010101780427 | 
2645077109240751 | 
2777510932620956 | 
954605430552125 | 
2186233948876977 | 
1704362013915647 | 
1022515280310204 | 
1352517380107701 | 
905043255924414 | 
1705214760904221 | 
902483556145292 | 
1525405919002038 | 
972026845382685 | 
1972806456667351 | 
826960013206408 | 
991343113445868 | 
1499052131765661 | 
1004850538557132 | 
2068028390595910 | 
2439291159852637 | 
1102634935399524 | 
1986006321985003 | 
1279968707674292 | 
1466464375263288 | 
1300249148722395 | 
954153866939412 | 
1271960514460072 | 
2018060428773300 | 
1538889414469619 | 
2073791136511622 | 
4488145311469681 | 
1967071558027556 | 
1417364353408847 | 
1315767286567412 | 
36130974173215828 | 
1700319987984683 | 
1246624250710499 | 
2408962132966292 | 
2111082139750239 | 
1303467011723487 | 
873005295147430 | 
1019719767171629 | 
1451012616779475 | 
2058585514872378 | 
845931558134982 | 
2010131239577973 | 
26656810183988518 | 
949497391323448 | 
1461769992418271 | 
2666830093702672 | 
1036033198996452 | 
1018099483879236 | 
1537919887681332 | 
1319832519568997 | 
1520315389449556 | 
2542500812872687 | 
1776640233497230 | 
828274746383376 | 
965439719234616 | 
1532925931783507 | 
1333322432058234 | 
1493801262419526 | 
2784973871901082 | 
1708457670153311 | 
955209477003512 | 
1281996053337629 | 
1555556949245681 | 
1617415792698307 | 
1900944210585055 | 
4351557415060026 | 
1991575321737372 | 
1007837558841199 | 
836093165825026 | 
995080209593244 | 
1870041853679470 | 
3189981917854930 | 
2519645811787245 | 
2069625297315129 | 
2221802711905127 | 
1430808652401001 | 
1440969557835682 | 
1709126340101404 | 
948840331225415 | 
961523386523355 | 
4376207289303829 | 
4417933651781188 | 
1305022561520647 | 
986070997162156 | 
1270919111693961 | 
4344301292510410 | 
1285933560273518 | 
1941129696550216 | 
990306970520052 | 
2871533073198577 | 
25732170536483386 | 
1656681538979693 | 
1348079370471471 | 
1848958856080785 | 
1526350452269762 | 
2856060091413236 | 
1485956963252547 | 
1706804703662744 | 
1002260322303231 | 
2120932022083758 | 
1340925544628996 | 
1303503251980788 | 
2159363088165095 | 
960667880131572 | 
2373348859825232 | 
1354138906621105 | 
1506771631096707 | 
882341381550446 | 
2041340406756282 | 
1504307934703970 | 
1509701577436147 | 
1849413809085473 | 
4487602718228094 | 
1563845122036481 | 
862220679644148 | 
2354521901701020 | 
944805998190458 | 
1328310939487227 | 
1000559259045806 | 
1385363456969766 | 
3909105702552748 | 
2088460072088528 | 
987108847070388 | 
1002062195505435 | 
1716016689742687 | 
1498389438680238 | 
4229265243957001 | 
1507708534039967 | 
2039246970809726 | 
885280371226300 | 
1295606769356151 | 
1504203334773481 | 
1480659043675202 | 
1519654866541219 | 
973883175214440 | 
1707254873611455 | 
882830131498907 | 
1691590631998625 | 
2027118228181592 | 
1664086464796399 | 
2404945196584454 | 
1111307768729378 | 
948377391128909 | 
1978730036058196 | 
1242105261145777 | 
35725787947034538 | 
979735911407577 | 
1017450394560420 | 
1290849253241357 | 
1454386346163233 | 
1490749809188195 | 
938632545814687 | 
974033711841191 | 
1274138681574633 | 
808590865241127 | 
1019069007130966 | 
4347810655465935 | 
1004752281971246 | 
2466837457078039 | 
939311509088270 | 
1540649060962090 | 
909034048764418 | 
1011366081477082 | 
1533894748262470 | 
993092903081979 | 
27220036460914116 | 
26640919315570515 | 
1314569670050075 | 
1000574322534694 | 
1326519866112239 | 
1652674322462890 | 
1896672050980268 | 
845407754508032 | 
26333762869635330 | 
1344059497903866 | 
1173530638134922 | 
1302278808190131 | 
1331265228853909 | 
2236307540451264 | 
948293811305078 | 
845343451981126 | 
2138940783704091 | 
2117582028811188 | 
1629026714818627 | 
2474842059702079 | 
1782851169350080 | 
2109222802984079 | 
851470967990636 | 
1284614080294151 | 
929282929731346 | 
1357832162937478 | 
1577678443882372 | 
958116890158432 | 
940974845221939 | 
805042429038817 | 
857051934044396 | 
1726498092099004 | 
1376692064510424 | 
2232515357500260 | 
4318579985082807 | 
2170678520455553 | 
2003404170241900 | 
1965511167661659 | 
1422456489683976 | 
924530267247260 | 
3166221013765897 | 
1516313760212203 | 
1538530551246058 | 
1630469194701392 | 
27746082148345656 | 
1344352170951112 | 
1501253648136196 | 
4394075767472647 | 
891518700607840 | 
2337209733517377 | 
942290085278682 | 
1728622961891018 | 
1698898391123583 | 
982023274280802 | 
2238374680299737 | 
1744207460285109 | 
849882851011473 | 
4241492879405092 | 
1709882453377708 | 
2069323323927071 | 
990856757230429 | 
1278104021161550 | 
924029443988048 | 
977163561385468 | 
1001584355635905 | 
2019347518940086 | 
27453450117622152 | 
2264289007713977 | 
2322348808273023 | 
896394106806032 | 
1333944338603298 | 
1487790536455885 | 
2194676187970314 | 
1723302221992514 | 
1532904274909348 | 
1643864243690103 | 
1984762255456737 | 
1901576553802750 | 
26955421947388888 | 
27333267092932920 | 
989574466959311 | 
1285233693582358 | 
25918567457817811 | 
1370787371777798 | 
1307192611307832 | 
975915314924819 | 
26709331822010875 | 
1634194024315784 | 
854723224307994 | 
976621602007064 | 
4372748159650359 | 
1345181267515189 | 
955461577486307 | 
1639484074016606 | 
1528443988677898 | 
1657340975502908 | 
1917607858939624 | 
1461378595299142 | 
1022377640470124 | 
957637130307822 | 
977797475054352 | 
1524518612545383 | 
995845226328112 | 
990457973622151 | 
2758489421189190 | 
1266119122359883 | 
1551929113213562 | 
1038784391905688 | 
988609053754114 | 
1007844755083560 | 
2168997360550829 | 
1782797629784601 | 
1310564383877329 | 
998692112612422 | 
2024101751816317 | 
2897162320626710 | 
1717870879387038 | 
1741013563544646 | 
3441409576035850 | 
1879561999421344 | 
36193136753635394 | 
27123162377314311 | 
1440901794390413 | 
1002254776079621 | 
2105389640391452 | 
4402589130019998 | 
26010678368612106 | 
987041774073031 | 
1010301804668837 | 
27059272050400461 | 
1662517824793327 | 
1565223401826543 | 
1808174073649100 | 
26966230969635502 | 
976089771603176 | 
1491768065753888 | 
1705650934111892 | 
2017752892451451 | 
1293460396104069 | 
1011988897926879 | 
1990632358204054 | 
950384804494508 | 
965705312859058 | 
1498869281983326 | 
1427103749462243 | 
1403937318164204 | 
957543497095055 | 
1480836093481089 | 
1358600642786472 | 
1292069323117726 | 
1699550401469934 | 
1880122609314236 | 
960304910252686 | 
949427677837980 | 
958197063729216 | 
1310731991029581 | 
1261595876132990 | 
3514517578704677 | 
2135441947024252 | 
1394715059086076 | 
1255365463105635 | 
839786999186154 | 
2163633547759540 | 
1691684045336216 | 
26345339408498207 | 
4382751438670708 | 
26677158668599696 | 
1607744476984912 | 
1465024714952046 | 
1659812048663246 | 
4273408792872869 | 
3053972884800654 | 
1664686428012043 | 
1339340241410073 | 
2868994453460797 | 
1273912374954198 | 
3189687334572954 | 
1474773320500335 | 
1952467742810114 | 
1038416688842712 | 
1613853650743722 | 
1514025510106178 | 
1312287077531534 | 
2456019288222571 | 
1029973426147067 | 
875219581540183 | 
2199222424162549 | 
27861514006768683 | 
27297425613226717 | 
965557246296532 | 
1537800691198034 | 
960224990129381 | 
2169522413798355 | 
1287055633541891 | 
4567401676827003 | 
814839528339906 | 
1564322011922195 | 
1701237194344601 | 
985260740922726 | 
2040634216522192 | 
36285049644442253 | 
27665735779765763 | 
1347624653891891 | 
1001701335592896 | 
1296684979098042 | 
4277294842531165 | 
1575401994211230 | 
25962407930102285 | 
1013565164399057 | 
1638102110578290 | 
27561718256758451 | 
26881692938189529 | 
1018888467242405 | 
956591823833356 | 
951280827821659 | 
2268365217306852 | 
1688469088851556 | 
1331065968955696 | 
1539688274416853 | 
36091673873781835 | 
1713064680041470 | 
1612906839789017 | 
1495741772014469 | 
1241647114716680 | 
2015742975815878 | 
798714472961969 | 
2432053887291022 | 
2052199535329034 | 
1264239325339805 | 
973946762183991 | 
3133557610368552 | 
1278672003769383 | 
881643391617795 | 
1287578003572614 | 
1652222669379513 | 
1015295714322942 | 
4326869387627025 | 
1465850921664333 | 
27282370511355340 | 
1654783535750493 | 
883472824124465 | 
4424727244467380 | 
1518021416696850 | 
2010388979602473 | 
1763730817967322 | 
1492723609180588 | 
4338741999719113 | 
1962467144556182 | 
1306191694384788 | 
1995598637705008 | 
1403602101531468 | 
1475197453869428 | 
981337204428128 | 
2371845633225806 | 
1569941875132098 | 
1551697239813779 | 
3174504449416400 | 
845540721483716 | 
1024900280060631 | 
1531133598369124 | 
1589616436499370 | 
1675602377022503 | 
1829888725009730 | 
2797209270649225 | 
1561027529359675 | 
1674472733591122 | 
1004370078645635 | 
982653544488652 | 
913194931716767 | 
1493485242157545 | 
4398669840421031 | 
1003031212198560 | 
2726519291063284 | 
2301375224016986 | 
1014495398190784 | 
1016696890877803 | 
1961768854509746 | 
26840440868901365 | 
1568107278159745 | 
1448404193720345 | 
1377081934455030 | 
918472244339219 | 
2209742976539827 | 
4111487875816115 | 
1715356289878600 | 
1293306196166388 | 
1567328644736404 | 
2092885851631745 | 
1302324635435072 | 
1005390992462773 | 
1001778666127999 | 
1685826305956058 | 
965677769715433 | 
1703902470632128 | 
2353380675173044 | 
1649495539713502 | 
1503348737897860 | 
2080994156157772 | 
1678134816650000 | 
2795482550787243 | 
1282389067439172 | 
871992761918745 | 
1648206822963020 | 
970449665392238 | 
1548341476759696 | 
3002967283234612 | 
4557266181260497 | 
2803143776701597 | 
937155149184011 | 
35914932994817333 | 
984053640648234 | 
1758677371787569 | 
1264743775271754 | 
757622437373174 | 
1674946343666486 | 
1248766880779272 | 
1501471904963936 | 
1329841262420317 | 
1299266039008853 | 
2121535711911554 | 
991738629877744 | 
1304660818444428 | 
1454594698893273 | 
4393734514227130 | 
995241062906982 | 
1420340603461110 | 
1637581614159504 | 
3020654571438222 | 
933284293022845 | 
1681896090038185 | 
2131539860743428 | 
1164858835732656 | 
1465956475558269 | 
877822561245847 | 
2461530377624630 | 
2106273246896848 | 
887326514423676 | 
1957542968241388 | 
836291162853641 | 
2576834416114774 | 
1475073053565006 | 
1267117108797584 | 
2210316386434597 | 
959367340047935 | 
1715489226259165 | 
998310392859386 | 
1643969603381914 | 
1322352129810430 | 
2136468253810724 | 
1289042846732090 | 
1308354047912682 | 
1808776337172754 | 
1004892438785988 | 
1704818350524116 | 
868489856263826 | 
905732069161614 | 
1547918336857241 | 
1024935919888952 | 
1799428110773791 | 
985173873974608 | 
928278910123875 | 
