2096763127775944 | 
950208217427963 | 
630111726655085 | 
2255116841684347 | 
1948970955988766 | 
934951029511564 | 
906986392071289 | 
2146341256197867 | 
925714643369734 | 
1341583271327780 | 
1326993772621295 | 
1465598671644608 | 
1254163176696183 | 
2237214470355214 | 
1570296060752500 | 
2118071382341573 | 
26019036241052275 | 
1472985020884249 | 
1463523685302587 | 
1956975884891307 | 
4438020576517808 | 
909001288574499 | 
1743508270336987 | 
1590365048555358 | 
2780337182310684 | 
2197349994131780 | 
2405255446587067 | 
2129650604554421 | 
906618258676818 | 
1447104123666089 | 
730394403373286 | 
2010533652835416 | 
1997303367800071 | 
1979208116045366 | 
1638505837493079 | 
907715818717612 | 
1258073149750572 | 
1194999345822137 | 
1249528217314369 | 
900935296039934 | 
2103678197033795 | 
1252270189718476 | 
1821351232075207 | 
1640288124088710 | 
1316431856964641 | 
932933975880940 | 
859411570443594 | 
1149178643883846 | 
918341131163547 | 
769605266220886 | 
1464278731991057 | 
958365233305778 | 
919320113839913 | 
2023467101885462 | 
2084040695775582 | 
1195861642395023 | 
864851502706315 | 
1247021237023491 | 
1603706310901729 | 
821005611046069 | 
909576208666163 | 
26585525177720439 | 
1967725273837660 | 
928125253307554 | 
26235362106082840 | 
783483584385406 | 
1447841953544495 | 
4516607028554623 | 
1639943334006679 | 
1690091468855935 | 
26107708838871474 | 
1919486392268413 | 
2007779796619260 | 
2334846830332378 | 
955424163488552 | 
2213072065765938 | 
789175320917690 | 
940106821841812 | 
2033241837223213 | 
1612654846598756 | 
762934459969428 | 
26514200011555741 | 
926544689919533 | 
1454978599606558 | 
3850270841945991 | 
1984872492098068 | 
1218543943597724 | 
1697767438255665 | 
1250947170460291 | 
854542144269057 | 
1818819298785462 | 
953608450675379 | 
912738978208155 | 
853094361076988 | 
919240377695546 | 
969709258740827 | 
972332075354700 | 
1933036727311484 | 
944690491288183 | 
1603036027611330 | 
1442794264017251 | 
900660416188267 | 
2099191667541395 | 
937295225510182 | 
1392625492667357 | 
956984106893562 | 
1649215252907762 | 
2436585290105146 | 
2106502326852771 | 
1612664513346303 | 
960263089896757 | 
1219039933549745 | 
1414131963168270 | 
4500202220305217 | 
2344769616032819 | 
902993366062002 | 
2465290810562094 | 
1467949544965088 | 
26161553020153579 | 
1463668591823959 | 
4309578705985981 | 
961895506173649 | 
4043170525817325 | 
1638803750479460 | 
1872158380132043 | 
913573041376432 | 
1241963501373982 | 
1413297646673363 | 
1284627876895548 | 
3081789228677250 | 
2007295730201102 | 
1434064888184258 | 
947149154559131 | 
2002706830589643 | 
2399307037194905 | 
1718735572447985 | 
2280393816088622 | 
1565659561400649 | 
803256749481146 | 
850271471398026 | 
1246199637619872 | 
1092854383018074 | 
1247541003549651 | 
1436581287933804 | 
839349265834660 | 
1715980752705383 | 
1352452923546320 | 
1463818455131730 | 
940687271684477 | 
1747972719500065 | 
1232577179002092 | 
949692604164600 | 
1399077235236572 | 
812476144524974 | 
1456186272551182 | 
910720634912637 | 
862377886807730 | 
1450154373447753 | 
928654310130583 | 
1964354151119913 | 
936200555454457 | 
1549347472796296 | 
26555846127356446 | 
906363062387343 | 
788455280975881 | 
1635085490844032 | 
1449945043464230 | 
26415550174800163 | 
2022400792035301 | 
965645509324788 | 
928898966293975 | 
3893972720907203 | 
1491333505919859 | 
1903924536995613 | 
1294135535908314 | 
1277518757664608 | 
1455412346176688 | 
1263990302546137 | 
2009770953278913 | 
4647584682154065 | 
898880272774717 | 
906444718839872 | 
2182711349199440 | 
1495265475285999 | 
1479418990279742 | 
2037720850118762 | 
2348532095667072 | 
929844689455758 | 
1590171185464081 | 
2411528392622480 | 
2120023085446369 | 
1476527964091182 | 
1417524966222947 | 
3094837584039709 | 
926540506524932 | 
1480435546925656 | 
1462293112286515 | 
908724528574950 | 
4279248478953655 | 
974921575287556 | 
1466235094909177 | 
1611489390075903 | 
786958384475316 | 
2457893708005261 | 
1191745689504588 | 
2646874609039068 | 
1365209315377911 | 
2400026957137568 | 
1302399055283737 | 
1439779550921216 | 
1457355075775140 | 
26529573563321081 | 
1487413916504953 | 
757803077210701 | 
1416174592998169 | 
1699132141241354 | 
926506470230214 | 
1993232138273374 | 
921257010288729 | 
1660023822102241 | 
1929355091041879 | 
1644856776698481 | 
1601185491162476 | 
1455729436197938 | 
967565125702668 | 
940535441808071 | 
2337382506673708 | 
1464470815297618 | 
953032157407910 | 
2201231380711924 | 
2815441405469902 | 
1228808486036896 | 
4259154847564737 | 
26130588589954604 | 
26088500760777953 | 
2198830590862385 | 
2382298475596534 | 
1977904869468726 | 
711192455322588 | 
1534558654764131 | 
1546316857494292 | 
26468165509444404 | 
1257887822338639 | 
1319699993302912 | 
26249524238015131 | 
1452123216416447 | 
1241040338155958 | 
1918312582224931 | 
1611343003447468 | 
2159020221524806 | 
1048411771175251 | 
26056184740675757 | 
2014990082698096 | 
1974756886769704 | 
945402964623345 | 
937404382013036 | 
918908811065352 | 
1238225781771833 | 
926736039761176 | 
2151185285626351 | 
1409204381003078 | 
933938949216989 | 
1518982692928316 | 
1326028155954878 | 
1378603050974810 | 
3132752630238100 | 
1481072230336595 | 
950034061307637 | 
4001045316854072 | 
971552565444465 | 
805799382573190 | 
1568199984283920 | 
1604878794178475 | 
1142957004523111 | 
812886384464913 | 
1562981741446918 | 
915227094815692 | 
1602990047579025 | 
2121802365236017 | 
1942282150010305 | 
1257885645743175 | 
1438066757253599 | 
1448699503627686 | 
1248301676834281 | 
1624621518761318 | 
781604914603005 | 
1462742312238898 | 
703283686139943 | 
1575622540323070 | 
1976374383254623 | 
1294438055945188 | 
921717777135680 | 
1467457775022044 | 
1638256744037055 | 
1508284490871878 | 
2070450620192481 | 
1639531980557109 | 
898015206326806 | 
888252890697439 | 
908239225437387 | 
1239061777875273 | 
2753584951663139 | 
1543828627579173 | 
1894163614565312 | 
1464128655349624 | 
1498859911799870 | 
1918440192174271 | 
1606215423765650 | 
1184273220449620 | 
773000572196936 | 
860458363713194 | 
923445020045959 | 
2457449108107375 | 
1127388989463756 | 
2889731421230997 | 
4209816725975828 | 
3375263115971696 | 
916163051015799 | 
975295388262885 | 
1701742784599784 | 
4314857822128409 | 
1470291874608746 | 
1619986129127899 | 
3285133821660791 | 
1229257656055912 | 
3790866277887034 | 
943935838187361 | 
1851228938865279 | 
2169993970415403 | 
930810652822699 | 
1803838310294151 | 
2045441703015363 | 
947416374415569 | 
940488788514384 | 
1260139705472725 | 
1507869667424711 | 
1233781751802108 | 
4239036069759714 | 
1642963590383275 | 
2711457142537843 | 
2373117906499293 | 
922266890673030 | 
25831629796465368 | 
3368025656696255 | 
1477021213992570 | 
1421291829047463 | 
1614014853131819 | 
1583191622798094 | 
925653376912168 | 
864155373342436 | 
937828798765581 | 
907250408793495 | 
2007460396840873 | 
1343393344482758 | 
1436252597974569 | 
1424678659199788 | 
960280879763196 | 
1698077467910887 | 
825383400574589 | 
1510284013796365 | 
1604885050618462 | 
1203994191808139 | 
2367284120453094 | 
791919273968997 | 
1452860583167272 | 
1241631810943159 | 
1509492943931286 | 
1239497448366833 | 
1718140556263101 | 
1594480885099600 | 
1634048387723610 | 
1270063847804396 | 
4388742894671291 | 
1406300607490225 | 
1079093531944705 | 
1424001552840660 | 
1427732778325260 | 
2353087405166180 | 
1408088753861993 | 
1559132091841333 | 
1222171013230418 | 
2002642694019278 | 
1287274649969512 | 
968135185549590 | 
25913249328297877 | 
1287284786627999 | 
1579452006444081 | 
1282859253757431 | 
2160837091124622 | 
1435448864792155 | 
1287016889976174 | 
1751137539625244 | 
1421788769691446 | 
1627188155154237 | 
1529143091934591 | 
1962748621117573 | 
1480700970385339 | 
913197075027219 | 
1292281676122157 | 
2116457139138143 | 
1131196542408363 | 
855806077519109 | 
1550218726081704 | 
1281045954090147 | 
1429454361451621 | 
963922686085474 | 
2138056730317832 | 
1438410414416544 | 
707548512445995 | 
1606028247346419 | 
1808586233157212 | 
4484898065169286 | 
2755738544779379 | 
1640384303820527 | 
26040575505594325 | 
930359923249240 | 
1466067441908027 | 
802809765633817 | 
915251747963139 | 
1981704432695187 | 
1690948121892649 | 
946887391186741 | 
1276364557762435 | 
1894942704503208 | 
924855693579769 | 
4190448901269859 | 
1596497908326442 | 
1615955742945770 | 
1289400776411552 | 
828126840312867 | 
2417616028684237 | 
1265218772418403 | 
1248574363440391 | 
2374467023064936 | 
2380320482456113 | 
1417444812931506 | 
1411280574019752 | 
936657725572938 | 
1258844595817684 | 
940794168363682 | 
1251705120400621 | 
1897486770966204 | 
26380432524971157 | 
1960932241173554 | 
1630824677946357 | 
1287359769983016 | 
1608391317135440 | 
799352656556672 | 
1705995197236179 | 
2734998733536791 | 
1273442318088703 | 
1251624476397071 | 
1780001176290552 | 
2002272190692029 | 
35588433057422407 | 
1707930500377802 | 
813562911082140 | 
1255439782711662 | 
901137469576507 | 
1649998822658825 | 
1884737002154742 | 
34828269110097519 | 
1706746537155523 | 
1478188157154416 | 
917596141125057 | 
1562372938172695 | 
4306789052867273 | 
24545191461846018 | 
1261100572018107 | 
2323938518082804 | 
1242763264086812 | 
1617719616017651 | 
1596502068238002 | 
1474651714670629 | 
1635367547505842 | 
1616441552929878 | 
983637717657265 | 
1650219159485552 | 
2416623125454867 | 
1690659842092357 | 
2119672888816682 | 
1004831995549247 | 
711049302001262 | 
1138432551666330 | 
1496978858800649 | 
1472459081071592 | 
1980290592884614 | 
1693345752026924 | 
2001441107249675 | 
1433018761635606 | 
1295150312494246 | 
1864975717532855 | 
922008860740817 | 
952092700491118 | 
1566444421321902 | 
2135382967283009 | 
1727664591530335 | 
1499613385168958 | 
1453800789425006 | 
1471635687645135 | 
1506584511072315 | 
1454130833169326 | 
777791458328546 | 
1216740810539506 | 
1556983325398522 | 
1608900070324972 | 
736227276111343 | 
2013825149196508 | 
3026709757529502 | 
1468889564820934 | 
1262032316045708 | 
1360171396135572 | 
1464359558395015 | 
1154757529977019 | 
1301016838538917 | 
2052787151954388 | 
1912776129405884 | 
2801184773574898 | 
939552021805708 | 
906076822045087 | 
1501225298228813 | 
1245393870447655 | 
1985042219055935 | 
1604204650844220 | 
917128534444669 | 
1257094829888118 | 
2699323920443331 | 
1818644458814520 | 
903475795646917 | 
1453458626570165 | 
1438700234601914 | 
1544308236630556 | 
915345048020035 | 
912803485073400 | 
1602401267664848 | 
2771893216496055 | 
1482906170092787 | 
718604781242469 | 
1382839887218156 | 
905665328901041 | 
1431184858592785 | 
921486910856134 | 
2602006576867108 | 
1423413846150412 | 
1270073155310253 | 
4473167876273874 | 
1345007440992650 | 
4425600834337674 | 
1254592352881280 | 
1660673281587080 | 
1724978661888481 | 
2172462316873028 | 
859029027152119 | 
1264339565162128 | 
26117549111227528 | 
799238203225923 | 
26073655505590813 | 
1268627678701378 | 
1597751288106035 | 
911690244906315 | 
966783442688817 | 
1469168578167261 | 
4256222267923598 | 
1221057823104671 | 
1425833098753841 | 
1453338483090112 | 
947687584365316 | 
1940844659854409 | 
958713563504895 | 
962649462904995 | 
1822956488683257 | 
1423852215532120 | 
936371802681805 | 
1267704161420508 | 
938115155628219 | 
1381514967066916 | 
1431377308727162 | 
909838888522268 | 
1242080551414909 | 
1671319540569618 | 
1564019248231992 | 
2664013620652521 | 
1307507304907543 | 
1214018397197550 | 
1552006209592507 | 
926208706671220 | 
1688539195484831 | 
821415607668600 | 
922110700524712 | 
1256252493374572 | 
1419343739468678 | 
2068989393685655 | 
1264470518509746 | 
1472679324495246 | 
905246025718381 | 
1921514418448122 | 
1265746375685872 | 
2141766583266550 | 
2222965771566634 | 
4271478696441984 | 
1870738656978892 | 
4255501141371015 | 
2700208973661022 | 
1029347943600646 | 
1421425569279556 | 
928838636530834 | 
1735969237806085 | 
1677575686765012 | 
842772558865280 | 
1428988655096339 | 
1489583682663061 | 
4359301487732098 | 
1299618555380425 | 
2254385865088309 | 
921824137444103 | 
1451603169709096 | 
26740747072189518 | 
1452917596482952 | 
3388111548032574 | 
787528384032505 | 
939534598561332 | 
1278460707557519 | 
983834654148251 | 
2788697604812612 | 
1274221921309340 | 
1617296059491872 | 
1595555221558523 | 
2004724390402613 | 
3859034027723700 | 
2436288616877229 | 
3357117394443850 | 
1639660307157346 | 
1329530152566946 | 
1431528418749792 | 
26351735774459685 | 
939218715732287 | 
2084704055707736 | 
957115650148446 | 
1313293890850124 | 
743291032083102 | 
772240389043284 | 
1267504601483890 | 
1495943058613656 | 
1628896698048781 | 
1584963749284301 | 
961205816623682 | 
2382922368818989 | 
1650642836126372 | 
1439983524293153 | 
1484216089973188 | 
1656237695824925 | 
1240490987798103 | 
1479287707149889 | 
2237329076674384 | 
1635659147674402 | 
790075147164498 | 
1297546428936914 | 
874309375647040 | 
2373171626515830 | 
824449710050272 | 
2132389257605093 | 
1487915182983116 | 
1529201342095040 | 
2161147244633648 | 
1288170536597896 | 
1583780516047122 | 
2017259985496557 | 
1910786322941387 | 
1906316446680774 | 
2016133355973412 | 
959368436588336 | 
2183759319108905 | 
26352852141000731 | 
965817989243396 | 
1751785559518391 | 
831302902559393 | 
1893564997957519 | 
1641745010188678 | 
1398281308718394 | 
1275967610580494 | 
1461897785662117 | 
1614079993138621 | 
1338686501376731 | 
1252949257033535 | 
932646356216047 | 
1167337548731764 | 
963340702827251 | 
963380596378361 | 
25989862544048530 | 
1430285071580152 | 
26902788545973768 | 
1597347474905121 | 
1382045520357102 | 
2028358568108046 | 
1660976271702606 | 
2454097181719274 | 
789972480482402 | 
1252422130438809 | 
1909166559788292 | 
1279171487692512 | 
1811318906204461 | 
1944238296299341 | 
961512089700574 | 
2000834817529739 | 
2928250994187243 | 
2423478204746920 | 
818616907953750 | 
2006307926620748 | 
1478676770546861 | 
1620143042436196 | 
1583971692658701 | 
1269778445245887 | 
1277786541217404 | 
2387674551658989 | 
1743784826990431 | 
1725231848444073 | 
1187849089938131 | 
1477998193906967 | 
2350583365416269 | 
34880307818279763 | 
1469744568110998 | 
2052630355303442 | 
1702715294420522 | 
993128450041369 | 
1828185631879899 | 
1321426873170354 | 
1453079199645714 | 
2060069431240229 | 
1439094564371159 | 
943069785325642 | 
1956589118274846 | 
1240188127838634 | 
936546135405779 | 
26577985105200353 | 
1440268701227688 | 
1526856745755296 | 
813446151313408 | 
2184043589007022 | 
1485629546608997 | 
1624564398789983 | 
872780689133266 | 
939858888649576 | 
1581205812993395 | 
2252803541918017 | 
1585124935901551 | 
958178769960926 | 
1245564183919792 | 
893580537074323 | 
4235746086637082 | 
1692048248460032 | 
1886761498545123 | 
1747397839999389 | 
941544095252865 | 
1866913077159850 | 
26694643846836891 | 
944539944638495 | 
1498338298633449 | 
1300400185276519 | 
1637877883891229 | 
1626424021931727 | 
923412450459261 | 
2201618463990411 | 
4361746754114544 | 
1993798164885645 | 
1891862564812018 | 
1306448884740262 | 
935713999382102 | 
1502636581408476 | 
1922131498413302 | 
1638304493885136 | 
1730983244451353 | 
1616062032938408 | 
940014075554863 | 
1983978949166538 | 
927064533270979 | 
3119845064876753 | 
1474016343563064 | 
4460518947602837 | 
1452816503055462 | 
1668703434138993 | 
1481088236697452 | 
958594763520195 | 
2006681887393463 | 
1900731321306136 | 
2403573913405111 | 
2417915648657592 | 
1171819681586402 | 
1265035185157169 | 
1460605548324511 | 
1279968707674292 | 
2171097883668477 | 
1235275658588518 | 
1287337789990163 | 
1309241837791269 | 
905558812462992 | 
1245799981099626 | 
1263010238631686 | 
1378240801013651 | 
1467897208067282 | 
4278968865686385 | 
26547620048223054 | 
3289101184597303 | 
2164595784352372 | 
1632565421398524 | 
1871727670175854 | 
1485598566271507 | 
948185734846221 | 
2359886147833037 | 
1436520311128158 | 
1277748810972065 | 
1492641392585895 | 
1338381491646511 | 
857218626772369 | 
1551188750345794 | 
2100556387435234 | 
3839475019528341 | 
2061402837924212 | 
914776507997974 | 
1650341966092918 | 
2021031541842230 | 
2767383576972410 | 
810484475054720 | 
1460385249147102 | 
1673285974009177 | 
1173983634701128 | 
1264186205246576 | 
1618820509369296 | 
1395991032567304 | 
1875684156470487 | 
26873436438907058 | 
968494542417832 | 
2526557771073579 | 
1943160316561740 | 
3081476155370126 | 
1626481098680940 | 
929174273412071 | 
4293438674254504 | 
26407820078878173 | 
1265004172440548 | 
924435390373494 | 
2080767925852172 | 
3484215578402237 | 
1338834288067776 | 
1240871128030525 | 
1660313465170051 | 
1970991343514621 | 
981880001082576 | 
2764570600555255 | 
1940224143254033 | 
1237747615228927 | 
1704364824083917 | 
1463681075138757 | 
26241796175501580 | 
866274646437989 | 
933722155928100 | 
2691461217904609 | 
1647004113091182 | 
1520574976303637 | 
1601446051139457 | 
919465840701589 | 
1457045912754573 | 
26939154299004885 | 
940192022029019 | 
1651549322939960 | 
881542944443071 | 
1453175089598921 | 
979148267796938 | 
1900090137539550 | 
1702044221204143 | 
1545650020318404 | 
3426389290851416 | 
2193960544705417 | 
1690239088988151 | 
2133909337400242 | 
1287984996766105 | 
1216255280491736 | 
1405909640715396 | 
987909460464502 | 
1275897270711684 | 
2972784619576274 | 
974005641646779 | 
895727406846349 | 
924740423887096 | 
1537862404372828 | 
1258407912669065 | 
4220908611571900 | 
1579286226506537 | 
1838682924100243 | 
944635114755063 | 
1273488314284049 | 
2034723187432594 | 
993789680066561 | 
1754882705481959 | 
1990496838247150 | 
801378525986072 | 
1986559861981365 | 
2098389934065077 | 
1621952968886172 | 
1517460869883009 | 
1328035079435447 | 
2056735255266455 | 
978985987813507 | 
1489207442868036 | 
2439821483198862 | 
1979159702965209 | 
2077449736151511 | 
1511007030641423 | 
2457860377990410 | 
1405131244197427 | 
720641517806024 | 
1523135359284727 | 
2469928896753990 | 
945289957862939 | 
2181044539329977 | 
1181655333945024 | 
795966839938011 | 
1642350433572000 | 
963887796028417 | 
2140124723421702 | 
2070665607195244 | 
1650761486147126 | 
907257292303631 | 
1019258897123689 | 
1303726414990802 | 
1659062145244094 | 
2090317325233673 | 
26970233345914105 | 
881303958255655 | 
2400725540433617 | 
2878027569204726 | 
2645077109240751 | 
902483556145292 | 
1525405919002038 | 
826960013206408 | 
1499052131765661 | 
2068028390595910 | 
1102634935399524 | 
1300249148722395 | 
954153866939412 | 
2018060428773300 | 
1538889414469619 | 
1967071558027556 | 
1417364353408847 | 
873005295147430 | 
1451012616779475 | 
2010131239577973 | 
2666830093702672 | 
1036033198996452 | 
2542500812872687 | 
828274746383376 | 
965439719234616 | 
1532925931783507 | 
1708457670153311 | 
955209477003512 | 
1281996053337629 | 
1617415792698307 | 
1900944210585055 | 
1991575321737372 | 
836093165825026 | 
3189981917854930 | 
2519645811787245 | 
1430808652401001 | 
1440969557835682 | 
948840331225415 | 
961523386523355 | 
1305022561520647 | 
1285933560273518 | 
25732170536483386 | 
1848958856080785 | 
2120932022083758 | 
2159363088165095 | 
2373348859825232 | 
1506771631096707 | 
1509701577436147 | 
1563845122036481 | 
1000559259045806 | 
1385363456969766 | 
1002062195505435 | 
4229265243957001 | 
2039246970809726 | 
885280371226300 | 
1480659043675202 | 
973883175214440 | 
1691590631998625 | 
1664086464796399 | 
1978730036058196 | 
1454386346163233 | 
1490749809188195 | 
938632545814687 | 
808590865241127 | 
4347810655465935 | 
2466837457078039 | 
1533894748262470 | 
845407754508032 | 
1344059497903866 | 
1173530638134922 | 
1302278808190131 | 
1782851169350080 | 
929282929731346 | 
958116890158432 | 
857051934044396 | 
1516313760212203 | 
1344352170951112 | 
849882851011473 | 
4241492879405092 | 
2322348808273023 | 
1723302221992514 | 
1532904274909348 | 
1984762255456737 | 
1307192611307832 | 
955461577486307 | 
1657340975502908 | 
1524518612545383 | 
2168997360550829 | 
2024101751816317 | 
1741013563544646 | 
4402589130019998 | 
26010678368612106 | 
1662517824793327 | 
26966230969635502 | 
2017752892451451 | 
950384804494508 | 
1691684045336216 | 
26345339408498207 | 
4382751438670708 | 
1465024714952046 | 
2868994453460797 | 
1474773320500335 | 
1038416688842712 | 
1514025510106178 | 
2456019288222571 | 
960224990129381 | 
814839528339906 | 
1701237194344601 | 
985260740922726 | 
25962407930102285 | 
1331065968955696 | 
36091673873781835 | 
2015742975815878 | 
798714472961969 | 
1264239325339805 | 
3133557610368552 | 
1278672003769383 | 
1287578003572614 | 
1015295714322942 | 
1465850921664333 | 
1654783535750493 | 
4338741999719113 | 
1306191694384788 | 
1475197453869428 | 
981337204428128 | 
1551697239813779 | 
1024900280060631 | 
1561027529359675 | 
913194931716767 | 
2726519291063284 | 
1014495398190784 | 
26840440868901365 | 
1568107278159745 | 
1448404193720345 | 
918472244339219 | 
1293306196166388 | 
2092885851631745 | 
965677769715433 | 
1678134816650000 | 
2795482550787243 | 
871992761918745 | 
970449665392238 | 
3002967283234612 | 
937155149184011 | 
1248766880779272 | 
1501471904963936 | 
991738629877744 | 
1637581614159504 | 
1465956475558269 | 
877822561245847 | 
2576834416114774 | 
1808776337172754 | 
868489856263826 | 
928278910123875 | 
1501374218668156 | 
26291777897163127 | 
2729350427426154 | 
1570628751101049 | 
1484717303033647 | 
1456173286295128 | 
1506453677742346 | 
1026060599751820 | 
964625442598278 | 
1334690638554798 | 
28027100800211433 | 
2061821691098223 | 
843852195013397 | 
1747029186291507 | 
1349684363891814 | 
1011169844688311 | 
1468098641277628 | 
1993874961488960 | 
1751728095788341 | 
2406032669919299 | 
2288737065284099 | 
1727415978246649 | 
814933015000197 | 
1018526067167751 | 
1692837388573556 | 
1003990642164968 | 
1516668089964104 | 
817678727569777 | 
973886325356575 | 
26298043606471329 | 
1383411790281744 | 
2281388482265167 | 
27626298366976997 | 
1503667504446991 | 
1549242786919426 | 
1328427309240975 | 
933650742780689 | 
848931444247448 | 
1567197964833233 | 
2059644831637293 | 
1460713092048186 | 
874016125711746 | 
1296364422609753 | 
800244976355640 | 
947143971615417 | 
2178525406271969 | 
1571635387634548 | 
2227695751339695 | 
1714932026167737 | 
2466488733802536 | 
1489930792618473 | 
1306107548251885 | 
1683044186360284 | 
1542079634297139 | 
2043539999875562 | 
1405140908306014 | 
1017053647946046 | 
1519746469529190 | 
2406556863147212 | 
1332472948840414 | 
1017050787526836 | 
1695908101554543 | 
1693810358420453 | 
1010017414892799 | 
2137033533724086 | 
1626644445553060 | 
1340917841281013 | 
1169368791987928 | 
1684644496181703 | 
1514729600038260 | 
944598325041410 | 
27332335879693274 | 
2011524463578895 | 
2714142632277428 | 
1405711697980171 | 
1836144913744444 | 
882283874832515 | 
1977480296307481 | 
852617421223699 | 
4723819464512297 | 
867686906345007 | 
973252258845765 | 
1455251579689391 | 
976301388373048 | 
1339114988271158 | 
973646745647037 | 
1483562969876069 | 
1382023937086375 | 
1458867992232202 | 
1494363219095090 | 
1984079832199625 | 
1482701743221894 | 
1670518537610242 | 
971933738879341 | 
1157393679835533 | 
1502585154894679 | 
1308306318148362 | 
1938263543485482 | 
843930005416056 | 
1547490180417806 | 
1533976098334310 | 
26923768213957893 | 
2262621747839946 | 
1272747841608580 | 
977813668394173 | 
1329913092319446 | 
1600243511256699 | 
1703542380644877 | 
1482912076918175 | 
1488627289706995 | 
968356642743913 | 
4271873206413453 | 
1431864061591967 | 
2418247295332612 | 
741141575729248 | 
886699167776610 | 
1907513703241418 | 
1708543313661809 | 
1278135131024048 | 
965420139693693 | 
1545137870281931 | 
964373542644120 | 
1719848139194859 | 
1675483070349080 | 
3330960960416641 | 
1370715728439479 | 
1535930291380808 | 
1496295062096475 | 
1430543965764918 | 
1428173688637729 | 
1367641651913343 | 
1306318020930324 | 
26594788156881318 | 
2895192100811790 | 
28314871838113334 | 
2150049512505119 | 
973532872199593 | 
1707415510401024 | 
1342328371077398 | 
2344140762759802 | 
4294951954050239 | 
1704744420945521 | 
1281997730748196 | 
1495777278830625 | 
1285394920404512 | 
1597395064650941 | 
4789259908063490 | 
1502730531316423 | 
2414327579047910 | 
998602442512220 | 
1423010673192285 | 
2471897459982706 | 
1281806424100378 | 
1744086426973175 | 
27518050814458724 | 
1304313168580962 | 
26386079181072045 | 
4470772063206447 | 
832498206602866 | 
1609911033437225 | 
929282936830834 | 
1718942922873731 | 
1534871824685815 | 
2394049017764258 | 
1330592149020833 | 
1844667046467669 | 
972309912251141 | 
1646619176463635 | 
871966711896799 | 
1964346874192355 | 
4511209669153519 | 
3476018719215367 | 
953097177562486 | 
1344099851114684 | 
956531104052737 | 
1183211293931708 | 
1325166309741925 | 
962808296458574 | 
1674746760201727 | 
977176055271417 | 
1446421343479411 | 
1335717298750952 | 
1459562845474931 | 
2373207409756140 | 
1015567684484818 | 
2152853418869947 | 
1335829275394140 | 
2037454350461905 | 
833988786073633 | 
907785995641449 | 
2237624463707532 | 
1472305297425505 | 
1395927875697048 | 
1028552336519613 | 
2077481842802651 | 
1002249252294019 | 
964555149731670 | 
2626907804432010 | 
1319447800379446 | 
3692395210895750 | 
993176319752874 | 
870015006147618 | 
1285755642886393 | 
1987128968584831 | 
1660183211878396 | 
1747945166621987 | 
1533292451852564 | 
1706943576980537 | 
1754510175910483 | 
1699052344580710 | 
1523926802636554 | 
1011683377875254 | 
2426249381134306 | 
2059019018346059 | 
954857753793810 | 
1561867195359352 | 
2010605433142889 | 
2521208364997394 | 
771306615974531 | 
1376182934352636 | 
1661793785131533 | 
931166063067362 | 
1536479431144809 | 
2080388766156668 | 
1672285417559958 | 
26998323566467303 | 
973385752005624 | 
1272710507972452 | 
975920961821049 | 
1445630750943209 | 
1562497042109031 | 
1308023557971445 | 
998722269406166 | 
965518652956022 | 
1703856713940741 | 
820082474316079 | 
1303945281929335 | 
1754245585561559 | 
994995619601332 | 
2004539276825500 | 
1502359034673480 | 
1700247314493245 | 
1325392789460986 | 
1299330902172258 | 
1545510330507496 | 
2237946716948732 | 
1813914676661148 | 
1069424935755547 | 
2259622281509681 | 
1684315509546268 | 
2474727586294535 | 
1019034220570636 | 
922794274119965 | 
1008704601638350 | 
1014063797820183 | 
1008497538308227 | 
2016736558955606 | 
856547556975161 | 
27086456250980738 | 
3473731946128379 | 
1628509688455566 | 
1677026453620852 | 
2007223799880468 | 
977161928626247 | 
2750966801951124 | 
999595819278460 | 
1491008811883725 | 
1637986140837459 | 
1734221594244467 | 
1002807775422439 | 
869575316161918 | 
977756928499067 | 
1401773638654490 | 
990081203397950 | 
1342423494501612 | 
3957029281100424 | 
27244962798474380 | 
1912500582797067 | 
1904221443617180 | 
1628595254880479 | 
1903518566984892 | 
1863010794354694 | 
902130769070697 | 
2160488788083798 | 
956489383679530 | 
1733130584355353 | 
966569313009452 | 
1499529241814230 | 
1709146416762110 | 
2382410195602415 | 
1518424249795445 | 
1348116163895729 | 
1645286823424948 | 
2048715989048072 | 
26838552419143065 | 
1304665645118153 | 
2598625523887819 | 
3420775784763960 | 
969587302449465 | 
1302435052004093 | 
1273140147910048 | 
1676513453393251 | 
2100606144004684 | 
2251977755339540 | 
3118263908380832 | 
26893219803669966 | 
26966041939732337 | 
1705389053810268 | 
4244468779196837 | 
2028401064760302 | 
3042955159231251 | 
981631527583715 | 
2393091791212505 | 
2082735412316300 | 
958618800398005 | 
1342303134525056 | 
1859652645010130 | 
2127356774788411 | 
939006852457917 | 
1470734070900533 | 
1907139473333859 | 
916843054703418 | 
1010324631517853 | 
1698521004503257 | 
996471396253433 | 
1029695236387061 | 
26677172888620844 | 
756241387514440 | 
1032903032708645 | 
1449415420573581 | 
1920710025095073 | 
1626877571745094 | 
991724549930737 | 
2126589644799154 | 
1324641929479803 | 
1516981516671023 | 
1555013109521935 | 
1319534203483971 | 
2212466519563863 | 
4385955261685111 | 
1366217525372788 | 
772526169182981 | 
1514992683459037 | 
1532470875074693 | 
2357879341367393 | 
4004532583179811 | 
3915067798802930 | 
1015505864553697 | 
1005444881922288 | 
1529267938652108 | 
2071725977093244 | 
953842734317101 | 
2032376794050988 | 
27018330577788692 | 
27283389801254980 | 
1412678980905797 | 
3532904603526498 | 
1710343820163313 | 
1689787698894808 | 
1549597313193485 | 
1359624492748519 | 
847524288430819 | 
1531093381986853 | 
2431001397397641 | 
26924859067162947 | 
1541371477564446 | 
1331016892507795 | 
1619189756661965 | 
1867151630618513 | 
1774605297247786 | 
3403317196516852 | 
956840420556683 | 
1009883531416419 | 
1072965661728364 | 
2085000518715561 | 
1636928670865564 | 
1284448997064363 | 
2016168742309792 | 
1343939494246255 | 
2274698189932937 | 
977134185234603 | 
2330147590728521 | 
1001218619151522 | 
1642442890142910 | 
5501348460090768 | 
965118482795518 | 
1668079320906628 | 
1612799469805655 | 
1911778012825686 | 
1304829021852232 | 
27356021577365099 | 
854345407716871 | 
1017743854298137 | 
1226869552706280 | 
2184339508997291 | 
4050125531957971 | 
861068983709980 | 
1029968436263647 | 
1510105977269114 | 
2758075304557073 | 
1349924743671456 | 
1554008086126667 | 
1623277705452694 | 
1379063440730161 | 
961791093338057 | 
1484379809299720 | 
1988345535108898 | 
27458465063758442 | 
1317263000506623 | 
1646711949706099 | 
994424070185184 | 
974555888500270 | 
985529950898213 | 
933062069769055 | 
966703689406685 | 
1541265197720414 | 
1614929899601224 | 
1597972964636162 | 
1410998651060855 | 
995710539820741 | 
1083648477433222 | 
799010219810504 | 
995868876424240 | 
1533210574908812 | 
4347518632174737 | 
1012902737761856 | 
1689614722236538 | 
2343200229547190 | 
4454721004853830 | 
1175015901375049 | 
1738964880611125 | 
972878728446116 | 
1281530347297124 | 
2167131130748508 | 
1278671770982880 | 
1345243724199704 | 
1641774093567952 | 
1645762803131345 | 
983277184102775 | 
1313088070247647 | 
1319997923406836 | 
1015790587558630 | 
2457187714756037 | 
1650573049326501 | 
1910327382961656 | 
977368535265778 | 
1644171673542229 | 
986591827106354 | 
1549129016786372 | 
4250106708632838 | 
986810890560700 | 
1484044246546438 | 
1759734301701291 | 
1317049873093573 | 
1555821286089523 | 
1800405034257267 | 
1660663478574756 | 
1984781442143119 | 
844184562095615 | 
4534805103430973 | 
1218181336961801 | 
1492666392360449 | 
4662291820755933 | 
1691792318715865 | 
1925497621428826 | 
27480148934911683 | 
2498709897273024 | 
1349903767036182 | 
1033600929347067 | 
1348088663865959 | 
957879473714593 | 
964283569909120 | 
990995880200540 | 
1600301431065794 | 
2064137107540967 | 
1020174347333377 | 
3608234189326819 | 
1671669837419821 | 
2202011317266969 | 
2286803668759653 | 
1593507102190275 | 
1520058876442218 | 
2091633658427282 | 
906530269118757 | 
1794932288537535 | 
2062319301163586 | 
2744806029208464 | 
1277967517835495 | 
1615496969915045 | 
2187800925426113 | 
915526254878548 | 
1304991814529101 | 
1668884190857122 | 
983489291261207 | 
1578179023929704 | 
1686806912567512 | 
1919896532112167 | 
1508847060875533 | 
2931283587263240 | 
951823074357348 | 
958119770324865 | 
1221287471060547 | 
1488802169640356 | 
1660194985268138 | 
2065663051022945 | 
2862487664096981 | 
847607291262705 | 
1350076817022754 | 
1510628317277147 | 
2091764008056504 | 
2147865022425327 | 
1244291494238149 | 
1541684110995242 | 
963121469671747 | 
1501386888143726 | 
1254548153418231 | 
1548767426869964 | 
1385045370349977 | 
980044281677495 | 
2098306734425298 | 
2768469113520210 | 
2837096243308599 | 
1528545232180764 | 
1663398228539335 | 
