1471156108345677 | 
2331499460695918 | 
1506501403778578 | 
4009994015958215 | 
1429926648595470 | 
878694761354683 | 
1602099660926701 | 
1415399996986672 | 
2337033570104627 | 
1542950376919880 | 
1780708649277883 | 
2089881751837523 | 
1934705557127745 | 
1229085378721881 | 
2185011998693144 | 
936945709007062 | 
1995945187930654 | 
887695750661050 | 
1970960977124132 | 
1307671854747653 | 
1254086279415873 | 
893823749695473 | 
1570449720672923 | 
1407067690858885 | 
26279477651676329 | 
26071694815804463 | 
1436690237837785 | 
2158461658022844 | 
1224573396432343 | 
708070015589577 | 
1194057159594710 | 
4356386301310601 | 
33409964455318146 | 
887532153993245 | 
1634082128024694 | 
842540415311819 | 
739368958869152 | 
875215861890315 | 
2038232406741148 | 
1565140598053767 | 
772763275867292 | 
749488904514871 | 
2296599514086206 | 
1401341654622208 | 
1388837259132889 | 
1514394846957552 | 
1662581518515336 | 
893231639980098 | 
1694199175295934 | 
860729673413300 | 
1819642992082213 | 
894033796595218 | 
935632122320862 | 
1532606324462496 | 
1456025186203694 | 
896785366438458 | 
2107356916742510 | 
2223308158491281 | 
4404325959812403 | 
1459626232259485 | 
1947750066164975 | 
1596397245019137 | 
1266269248751723 | 
4277424815833652 | 
1236110344513014 | 
913628474413579 | 
1528810761556058 | 
1640723446916007 | 
1597258924952379 | 
1666013104383836 | 
1581789929705804 | 
2160487344785520 | 
1390890855692118 | 
1214164544190013 | 
1275579431094599 | 
1075140984767044 | 
33414236871524567 | 
2107457493342457 | 
1625516698624497 | 
1671688907146627 | 
1701224260840899 | 
1425763639215781 | 
1601101234422899 | 
1428744581953359 | 
1553994712524538 | 
25687069564293909 | 
4415558725430794 | 
2126919931476811 | 
25554461517558938 | 
1377026620290743 | 
769076142430507 | 
964313450101567 | 
1517227396047554 | 
1529048069229999 | 
1319381833282303 | 
957423369949028 | 
2044053869470794 | 
770004838990826 | 
1593134708806287 | 
1175834651205908 | 
921686103751649 | 
918536670543942 | 
687935897741804 | 
4281513055499838 | 
1076825634572761 | 
1257364185849771 | 
1296055679212053 | 
1591660502161122 | 
1406312087179038 | 
3079964178849615 | 
2230238344449699 | 
1418605946375451 | 
2286038641891399 | 
1982459445645480 | 
1591895621864361 | 
1447717263738372 | 
2014441439123105 | 
1803431607021745 | 
2978374355886959 | 
1420559072798147 | 
893369006916041 | 
1456982692572767 | 
2715205862149481 | 
958145806539633 | 
1228325809411751 | 
997048046828215 | 
2077928796339639 | 
671280652678649 | 
753317700800644 | 
1534792387610403 | 
1859657674682952 | 
1487379663387124 | 
881931287944834 | 
2371686276624023 | 
1163056789237655 | 
923189566729717 | 
1212665337351798 | 
1477272610496169 | 
1497428345100988 | 
1617720139253928 | 
895098103481543 | 
912088364510102 | 
932565135794829 | 
1299148162080639 | 
1461787692190736 | 
912378917839409 | 
2079118549517461 | 
2448079942310491 | 
1421426296203680 | 
2273373549817488 | 
750646558096060 | 
1827651337951434 | 
1541098020328911 | 
759957630517656 | 
790121646865254 | 
874677781844740 | 
2099139184256646 | 
2399534150508380 | 
1561347308311812 | 
1310079621223253 | 
836960886089726 | 
1658031785619693 | 
925504706782807 | 
1269933397923643 | 
798153326312830 | 
1916679169051729 | 
835929869534946 | 
1591918671889295 | 
1483107186729472 | 
796225313190752 | 
884449631305822 | 
1717196265940633 | 
3149531061899681 | 
1614618296463925 | 
3127874470731062 | 
1485967619547944 | 
1825698178108401 | 
908204408878902 | 
928782219919363 | 
1455420709462978 | 
965418446000920 | 
1925041788377330 | 
1525460268923701 | 
1299896571642122 | 
1521845369556718 | 
26261101893584341 | 
892864130407009 | 
2099490750883571 | 
1195067269225843 | 
960634940005482 | 
810725718251242 | 
3943203715972662 | 
1981318875790570 | 
1650608239456438 | 
1447159486895847 | 
2049800838910114 | 
2276625469531678 | 
1435634704682278 | 
2356705041475210 | 
1662791401421822 | 
2020982591788703 | 
2736140023417295 | 
1319650313310480 | 
1255047279596225 | 
1507087574098055 | 
940947615581607 | 
1297930678839671 | 
1544539477672800 | 
2509480036132292 | 
976407401550613 | 
1369319571702050 | 
1015362441185145 | 
27292281363693425 | 
4247453782234070 | 
4150100265242011 | 
832816489147363 | 
856884927411638 | 
1449938496781480 | 
1828707231129625 | 
1446093007320488 | 
1164760319012488 | 
26614788178116812 | 
961558943121466 | 
1987266085231081 | 
1309370277793281 | 
828058803658976 | 
1509039920786677 | 
2118526418993978 | 
913021638387404 | 
4395781907303636 | 
2017056942233740 | 
980201994535811 | 
1513194546868702 | 
1632962781119896 | 
1473125637193346 | 
1350489433622675 | 
2241555716582625 | 
1602506877522825 | 
1957489244880762 | 
2485119928579085 | 
1515665939966834 | 
1390912719431195 | 
980670707940054 | 
2180066829446109 | 
1458641199369868 | 
2302625030272629 | 
1674302036941376 | 
2037477843506491 | 
1650801395969804 | 
1027823503101859 | 
2197726037644581 | 
1468887378351073 | 
1277917870998938 | 
1013360744471624 | 
990833646925684 | 
26626260160409974 | 
1503200424866281 | 
1293247409679232 | 
1869908037029049 | 
1316490653261722 | 
923630894031346 | 
1326380546066598 | 
1469306924442703 | 
1039751628721454 | 
1313434527521069 | 
1703785671068192 | 
980108911270921 | 
963319773257115 | 
1471492935022832 | 
1395456682056851 | 
1061602389763286 | 
1553970899691045 | 
2008843156375388 | 
2093823047844515 | 
889782964127551 | 
1247989223865743 | 
1001489589493123 | 
854607030381929 | 
1352934546751426 | 
1275768247877555 | 
5323008287924141 | 
1624568851932743 | 
1739078300840144 | 
1741120507298502 | 
2509533166140057 | 
987349130571273 | 
2451252088680085 | 
2132396397327998 | 
1008604395443464 | 
1483973656250171 | 
1636319167646906 | 
1537384998062143 | 
1659297045377527 | 
1369508034997598 | 
1298251049173304 | 
2505738653229866 | 
27342400965385158 | 
2051288532428027 | 
1688849225758524 | 
2427257874367430 | 
966420256170985 | 
1470452664388720 | 
1424697596128150 | 
1523431952708382 | 
1538107474585235 | 
2233781587366789 | 
2898113477247161 | 
1316748770602188 | 
1909328560451350 | 
2780122545680646 | 
966208783063096 | 
1905229510137324 | 
1915622729137023 | 
1388592009760591 | 
1292418076309851 | 
993433783552707 | 
1689296779060201 | 
1345413154099048 | 
2147330286122470 | 
975683578717950 | 
853034370686324 | 
977597111866404 | 
2074776279735308 | 
2213070902867989 | 
1614576236277714 | 
2563744597402989 | 
1034427755676612 | 
1538389114345772 | 
2564769553957431 | 
1410464747768623 | 
1521225789728243 | 
2075928596689439 | 
1465222038206972 | 
1409909294487979 | 
1693191711923436 | 
1917771992300927 | 
1590837458679317 | 
989801593980472 | 
2151140615753294 | 
859061740608820 | 
1402545598348502 | 
2118802238686596 | 
860170883258014 | 
1037409855385130 | 
1486035019070428 | 
890324110740373 | 
1621966565585653 | 
1589984426460849 | 
985796320730463 | 
1258269676386079 | 
1543472680685302 | 
815785988077770 | 
972191575598183 | 
1752618949442328 | 
2962545263953321 | 
1279318980937260 | 
1003706328695557 | 
1036304152153704 | 
1527012675623296 | 
996234236150212 | 
1556342129336652 | 
1972864800261246 | 
2038125876773043 | 
834307999555136 | 
957920947222389 | 
1021710630278209 | 
2009189346343404 | 
865866865950765 | 
1345476667534981 | 
4215382348676893 | 
1010683538186433 | 
1035087529013790 | 
1727618238121665 | 
993827116522124 | 
1016802507529362 | 
1232387159947632 | 
1340600351502401 | 
1389292163057128 | 
828874829958423 | 
1530765151745776 | 
1722455842099836 | 
2029037827700886 | 
2430524447456825 | 
1672041823939666 | 
26895075026817013 | 
1648916466164235 | 
3098826923644890 | 
903770512733131 | 
1300254671739634 | 
2176135396513210 | 
1262020396011531 | 
1313107721006749 | 
1594467602034905 | 
1695463748269383 | 
2112698692620645 | 
