2331499460695918 | 
4009994015958215 | 
1429926648595470 | 
1415399996986672 | 
2337033570104627 | 
1780708649277883 | 
1934705557127745 | 
2185011998693144 | 
1970960977124132 | 
26279477651676329 | 
4356386301310601 | 
33409964455318146 | 
708070015589577 | 
1634082128024694 | 
749488904514871 | 
1388837259132889 | 
1532606324462496 | 
935632122320862 | 
1456025186203694 | 
1459626232259485 | 
1266269248751723 | 
4277424815833652 | 
1597258924952379 | 
1640723446916007 | 
1666013104383836 | 
2160487344785520 | 
1390890855692118 | 
2107457493342457 | 
1425763639215781 | 
25554461517558938 | 
1428744581953359 | 
769076142430507 | 
1319381833282303 | 
1529048069229999 | 
957423369949028 | 
1517227396047554 | 
1593134708806287 | 
770004838990826 | 
1296055679212053 | 
1406312087179038 | 
3079964178849615 | 
2230238344449699 | 
2286038641891399 | 
1447717263738372 | 
1803431607021745 | 
2014441439123105 | 
893369006916041 | 
2715205862149481 | 
2077928796339639 | 
1420559072798147 | 
1534792387610403 | 
753317700800644 | 
881931287944834 | 
2371686276624023 | 
1163056789237655 | 
1212665337351798 | 
1497428345100988 | 
1617720139253928 | 
912088364510102 | 
895098103481543 | 
932565135794829 | 
4150100265242011 | 
1461787692190736 | 
1421426296203680 | 
2273373549817488 | 
2345129639302372 | 
1425781592623392 | 
750646558096060 | 
1827651337951434 | 
1541098020328911 | 
759957630517656 | 
874677781844740 | 
2099139184256646 | 
1588134842404173 | 
1920640588526294 | 
1561347308311812 | 
925504706782807 | 
1916679169051729 | 
1483107186729472 | 
1717196265940633 | 
1614618296463925 | 
3127874470731062 | 
1521845369556718 | 
810725718251242 | 
1650608239456438 | 
1297930678839671 | 
1544539477672800 | 
4247453782234070 | 
832816489147363 | 
856884927411638 | 
2079118549517461 | 
2448079942310491 | 
1828707231129625 | 
1164760319012488 | 
26614788178116812 | 
961558943121466 | 
1987266085231081 | 
828058803658976 | 
1509039920786677 | 
2118526418993978 | 
1666264094557289 | 
1957419684859947 | 
913021638387404 | 
1732258264414871 | 
1513194546868702 | 
1473125637193346 | 
1350489433622675 | 
1957489244880762 | 
2485119928579085 | 
1515665939966834 | 
1458641199369868 | 
26626260160409974 | 
923630894031346 | 
2008843156375388 | 
2093823047844515 | 
1275768247877555 | 
2509533166140057 | 
2451252088680085 | 
1636319167646906 | 
1659297045377527 | 
2051288532428027 | 
2427257874367430 | 
966420256170985 | 
1523431952708382 | 
2233781587366789 | 
2898113477247161 | 
966208783063096 | 
1905229510137324 | 
1915622729137023 | 
1292418076309851 | 
993433783552707 | 
1689296779060201 | 
1345413154099048 | 
2147330286122470 | 
975683578717950 | 
853034370686324 | 
2074776279735308 | 
2026516017959542 | 
1614576236277714 | 
2563744597402989 | 
1538389114345772 | 
2564769553957431 | 
1410464747768623 | 
1409909294487979 | 
1590837458679317 | 
1716671369514080 | 
989801593980472 | 
859061740608820 | 
860170883258014 | 
1037409855385130 | 
985796320730463 | 
1258269676386079 | 
972191575598183 | 
1752618949442328 | 
2962545263953321 | 
1279318980937260 | 
1003706328695557 | 
1556342129336652 | 
2038125876773043 | 
834307999555136 | 
1021710630278209 | 
865866865950765 | 
1345476667534981 | 
4215382348676893 | 
1010683538186433 | 
1035087529013790 | 
1727618238121665 | 
1016802507529362 | 
1340600351502401 | 
1389292163057128 | 
828874829958423 | 
1722455842099836 | 
2430524447456825 | 
1672041823939666 | 
1648916466164235 | 
3098826923644890 | 
1300254671739634 | 
2176135396513210 | 
1262020396011531 | 
1313107721006749 | 
1594467602034905 | 
1695463748269383 | 
2112698692620645 | 
