1474507940957304 | 
1293781959337098 | 
854626060969462 | 
768931589320515 | 
939962198491215 | 
3269108956605922 | 
1295362022486573 | 
1233402815609035 | 
2010411609570071 | 
1260347102703828 | 
2620089711725030 | 
1269365375125064 | 
1275080324501439 | 
923497763730874 | 
4310957239178229 | 
728578543493538 | 
777036471421126 | 
24643378958601770 | 
1615425306064947 | 
730992969560345 | 
1466045138204388 | 
2442708286165207 | 
1239485048358577 | 
1236969638575725 | 
3511672118968459 | 
1208662484400631 | 
882938008080628 | 
2024970108430951 | 
4329278850665796 | 
3678329272308872 | 
823183604196456 | 
1474434004352532 | 
917132114568410 | 
965267029358337 | 
788366134039615 | 
1474535067735046 | 
960584793086499 | 
2046639039611207 | 
1313242317394237 | 
1962998214303518 | 
1091888097337148 | 
968340542807743 | 
1388222099992809 | 
1642252310256164 | 
955051080326835 | 
1218113426784142 | 
1605700110656795 | 
1181952533881805 | 
866659576408102 | 
926123166893193 | 
1660856214924205 | 
2118752282278724 | 
1881536859011101 | 
802447569584804 | 
1272022304315639 | 
1454431512322611 | 
2179343786173790 | 
4409302979291309 | 
934047359592470 | 
968346335531448 | 
1316667620310336 | 
1261241072825529 | 
26309914052032868 | 
966836422530706 | 
1658155818709220 | 
1497920588628087 | 
1335982108310872 | 
3085187548535893 | 
1210723380930923 | 
952811944164686 | 
1440297180924557 | 
2080940999359949 | 
920800184081293 | 
1665561648208199 | 
1660480798639598 | 
2358756071298811 | 
2384344368713028 | 
818972680852687 | 
1006770071686298 | 
1518013486615950 | 
1539704551054071 | 
946116795059331 | 
2017349832187395 | 
4245263569053810 | 
2009657419635740 | 
1770498417446786 | 
1927410984629568 | 
1479393303628000 | 
27075708635388525 | 
1334116055240464 | 
1758889375551926 | 
1626908938514776 | 
