1474507940957304 | 
939962198491215 | 
1295362022486573 | 
1233402815609035 | 
1260347102703828 | 
1269365375125064 | 
923497763730874 | 
4310957239178229 | 
917132114568410 | 
788366134039615 | 
960584793086499 | 
1962998214303518 | 
1605700110656795 | 
926123166893193 | 
2118752282278724 | 
2179343786173790 | 
4409302979291309 | 
934047359592470 | 
968346335531448 | 
1261241072825529 | 
1655938882095978 | 
1239485048358577 | 
1497920588628087 | 
1236969638575725 | 
1440297180924557 | 
2024970108430951 | 
920800184081293 | 
1665561648208199 | 
1453544759649806 | 
1606267674104176 | 
1660480798639598 | 
818972680852687 | 
1518013486615950 | 
946116795059331 | 
4245263569053810 | 
1770498417446786 | 
27075708635388525 | 
1334116055240464 | 
