868977949485904 | 
902978095774586 | 
769316816222143 | 
1593785008574252 | 
1394312691964933 | 
900451792606988 | 
1987393448845303 | 
1618409842621645 | 
3154135854761227 | 
1494917892052711 | 
1155614813207925 | 
1622405632010571 | 
1060533373803145 | 
2472618519807623 | 
1290466516270874 | 
1572599500699801 | 
908377155422079 | 
952425954016491 | 
928279790170466 | 
802163485649185 | 
1814190199539312 | 
1415328509908694 | 
896445019895957 | 
26083952324566868 | 
1244921780490038 | 
1453786189664675 | 
1226998252936456 | 
3255174137993049 | 
2343350222815794 | 
1440480454249312 | 
1238947861172276 | 
1553846059013280 | 
783280344428811 | 
3500318143439484 | 
1441332527489992 | 
932217426016780 | 
2433323090459644 | 
4444269372559080 | 
1269563358466999 | 
3591002784395505 | 
3376642452501955 | 
3303578143150270 | 
1446912897071874 | 
912447694965921 | 
1329028869085115 | 
1466941108251217 | 
916732557837355 | 
871357285919396 | 
2089328878591242 | 
2056972691542326 | 
943595681522549 | 
950120347464465 | 
1696050108442651 | 
2338986909902406 | 
1803024237344208 | 
925317406793013 | 
1603394870876665 | 
923458407089200 | 
1665802651089487 | 
2736941496674799 | 
2148756412545464 | 
950285001031513 | 
1454835106048865 | 
888566670809246 | 
2188092651999256 | 
26210714311926542 | 
1474236944114652 | 
1677400223262329 | 
1207443744550048 | 
1246674667570296 | 
1585948172889638 | 
961263103433413 | 
824532669984177 | 
1496373502060872 | 
1885118122172971 | 
4267473496833302 | 
1251515079967212 | 
1680967293250525 | 
1427024709110984 | 
1350274370273601 | 
1411297074094612 | 
931269652969155 | 
1477807610625385 | 
1285504906857579 | 
1275706774518329 | 
910911725116221 | 
2362629090885985 | 
1439847687130019 | 
939451765159892 | 
947370921489301 | 
2194642514671511 | 
1422709289172657 | 
3669479306558822 | 
1627483805187547 | 
1956321781938621 | 
962423889706675 | 
955462630395792 | 
794748876693659 | 
975917688134661 | 
1483077646760221 | 
2014001389217918 | 
968146259097429 | 
2137047027074320 | 
915057564682298 | 
909886405339227 | 
2168480133936064 | 
1342319884750103 | 
1305059041537837 | 
1446016447208287 | 
1006174695194205 | 
1509172250923880 | 
994235196371368 | 
961593320188109 | 
1054572977234185 | 
1621268189158643 | 
1324568029646111 | 
1248097853790744 | 
1603384437411403 | 
852047823992265 | 
1202686001783313 | 
1680583113065191 | 
1014047964434794 | 
1975300390020928 | 
975594025051695 | 
4494293730856283 | 
27097680559824341 | 
851991981279472 | 
837813902701696 | 
947575241523948 | 
2212065216292080 | 
1311001874339231 | 
1518874369813732 | 
1011824961281831 | 
27335187922753720 | 
2811141052569313 | 
2209807229755419 | 
1301877848029598 | 
1343068607684944 | 
1865718840680676 | 
1685225469162343 | 
3018246201698795 | 
1641098243784039 | 
837045228923182 | 
1317962526966595 | 
1005534599079584 | 
977995534667405 | 
2086657745224742 | 
977786691883571 | 
1155408316733177 | 
27219192984435129 | 
1283761973917877 | 
930325156542417 | 
1141355528098062 | 
1599149564968036 | 
1231199905530337 | 
830991980078800 | 
2217660672321337 | 
1364646098831250 | 
1475183837720373 | 
2052658255282603 | 
4689201091331136 | 
35767189472927926 | 
1616700089599583 | 
821104211063198 | 
1686601749347934 | 
2288438665319331 | 
997775206554406 | 
1759379171707812 | 
3401888636625145 | 
3072094746329706 | 
2437657740065701 | 
1523899235912148 | 
1984949772895645 | 
1757773638720462 | 
1838450130893369 | 
1746024626385389 | 
972204208698846 | 
1321143960108335 | 
1529310455432356 | 
1714021719942830 | 
998115042746179 | 
26996042793397696 | 
998417189792113 | 
1308301850748681 | 
1974120039861928 | 
2462173450880054 | 
2189682448471432 | 
1350253833629055 | 
2238262850039960 | 
4400071900252771 | 
1681385269725734 | 
3017462711775951 | 
1296110922611401 | 
2051105536285339 | 
1534175304999058 | 
1360957846054412 | 
1658127598551515 | 
986204383991387 | 
3872611373044472 | 
1274183330935869 | 
4425830630963213 | 
2264099730663762 | 
2878459289162957 | 
1938282080390490 | 
839003391905980 | 
2163011684102868 | 
2209386989799054 | 
888196180956379 | 
1728773038282603 | 
27060269336972394 | 
2464330010672867 | 
1341973331135461 | 
3079691102219623 | 
745649485276815 | 
926475390010594 | 
944676405235484 | 
995042276186177 | 
1300949538795448 | 
1963382554285358 | 
946366851563031 | 
1006256215674202 | 
26258714550473834 | 
1265472375245202 | 
1040153982522194 | 
1922842688413923 | 
1404344224833596 | 
26960552420277492 | 
1004557205373673 | 
2202055917211776 | 
975319575369660 | 
1479797510562283 | 
874079971656578 | 
1536321098080368 | 
1544958050658829 | 
3190543581148350 | 
1658765688519052 | 
1915536312410345 | 
2463642787440419 | 
1499051681926804 | 
1501133801675199 | 
1000733585744173 | 
1550998466867107 | 
993004583678307 | 
2581295705660678 | 
950564204355718 | 
1475628570798704 | 
849401271553740 | 
1482905226608421 | 
4395777747347542 | 
1499329668535113 | 
955606853859474 | 
2173576523428461 | 
2075497096644426 | 
1699015301136107 | 
839053122202521 | 
1664703987986367 | 
26702389392766219 | 
1024591386849605 | 
1495302275395278 | 
1678987190020366 | 
2242881566249908 | 
1265481328700741 | 
