902978095774586 | 
1593785008574252 | 
1394312691964933 | 
1987393448845303 | 
900451792606988 | 
3154135854761227 | 
1494917892052711 | 
1155614813207925 | 
2472618519807623 | 
802163485649185 | 
2343350222815794 | 
1440480454249312 | 
2433323090459644 | 
1269563358466999 | 
916732557837355 | 
871357285919396 | 
1553846059013280 | 
2056972691542326 | 
783280344428811 | 
950120347464465 | 
1696050108442651 | 
925317406793013 | 
950285001031513 | 
1677400223262329 | 
4267473496833302 | 
1251515079967212 | 
1680967293250525 | 
923458407089200 | 
1427024709110984 | 
1350274370273601 | 
1477807610625385 | 
1275706774518329 | 
2362629090885985 | 
1439847687130019 | 
1422709289172657 | 
955462630395792 | 
1865718840680676 | 
2014001389217918 | 
968146259097429 | 
915057564682298 | 
909886405339227 | 
2168480133936064 | 
1285504906857579 | 
1305059041537837 | 
853779311098515 | 
1006174695194205 | 
1509172250923880 | 
947370921489301 | 
994235196371368 | 
961593320188109 | 
1324568029646111 | 
1603384437411403 | 
1202686001783313 | 
1975300390020928 | 
27097680559824341 | 
851991981279472 | 
837813902701696 | 
947575241523948 | 
1011824961281831 | 
2209807229755419 | 
1301877848029598 | 
1343068607684944 | 
3018246201698795 | 
1641098243784039 | 
837045228923182 | 
1317962526966595 | 
2086657745224742 | 
27219192984435129 | 
1283761973917877 | 
830991980078800 | 
2217660672321337 | 
1364646098831250 | 
1475183837720373 | 
2052658255282603 | 
4689201091331136 | 
35767189472927926 | 
1616700089599583 | 
997775206554406 | 
1759379171707812 | 
2437657740065701 | 
1523899235912148 | 
1984949772895645 | 
1757773638720462 | 
972204208698846 | 
1321143960108335 | 
998115042746179 | 
26996042793397696 | 
998417189792113 | 
1974120039861928 | 
2462173450880054 | 
1350253833629055 | 
2238262850039960 | 
1681385269725734 | 
1534175304999058 | 
1658127598551515 | 
3872611373044472 | 
1274183330935869 | 
4425830630963213 | 
2264099730663762 | 
2878459289162957 | 
839003391905980 | 
2209386989799054 | 
888196180956379 | 
1728773038282603 | 
27060269336972394 | 
1341973331135461 | 
944676405235484 | 
995042276186177 | 
1006256215674202 | 
26258714550473834 | 
1265472375245202 | 
1040153982522194 | 
1004557205373673 | 
2202055917211776 | 
1536321098080368 | 
3190543581148350 | 
1658765688519052 | 
1501133801675199 | 
2581295705660678 | 
950564204355718 | 
1475628570798704 | 
1664703987986367 | 
2242881566249908 | 
1265481328700741 | 
