1199096198516919 | 
1302039027530975 | 
1613701382451117 | 
1406723370486815 | 
664639666461320 | 
1604787847234217 | 
2008538793092039 | 
1944258099501654 | 
931044319668313 | 
1668442030455568 | 
1503220647897603 | 
1604426387504583 | 
589401060893415 | 
1641579700542360 | 
34521608057487450 | 
1669685741140357 | 
2017479302164436 | 
1304092191673227 | 
2131719877640668 | 
948181624360246 | 
1977944839793396 | 
954635637119580 | 
875795848842147 | 
1867902890582705 | 
1608942847219601 | 
1580917423455482 | 
2132283333982390 | 
1662194198285144 | 
2181157722420899 | 
1530492468496968 | 
36042685355330220 | 
1609605783640401 | 
1303677811665102 | 
1908269296496593 | 
26315517371449966 | 
1419283872839983 | 
1270737494564953 | 
1448620230067808 | 
2204270997010939 | 
1889936141657596 | 
3220889148099090 | 
929186993335941 | 
1609120560206742 | 
2798572410492587 | 
1872769113393937 | 
2026452224970675 | 
3485136918303653 | 
1360761092553389 | 
1969791483910838 | 
26291427730499321 | 
2018045155764058 | 
2647357412356300 | 
26721288830836889 | 
963885889370258 | 
1017360288135904 | 
947371357677530 | 
1638423057199678 | 
977607238136523 | 
1509571460731293 | 
1288818039873260 | 
1422003689225786 | 
2894242994301365 | 
935776085857025 | 
1332414202093164 | 
1530602105423121 | 
2069054350343154 | 
2028420368557767 | 
4235999723378333 | 
1360021955973907 | 
1602301000838754 | 
1931423597517617 | 
1264394365767115 | 
1197683372243887 | 
2531447820658933 | 
2484873935304559 | 
821634623982600 | 
1010648621438636 | 
1772648790780471 | 
26325912270402560 | 
1580457763512166 | 
1669769067567922 | 
1510976797162839 | 
1291963872917498 | 
1629659041671340 | 
3015886991934328 | 
1468153358682375 | 
1673282397428850 | 
1529722968931854 | 
4639377299719963 | 
2112230746379093 | 
1440240784456060 | 
956828187257188 | 
2249068289231527 | 
2323881048135071 | 
1929151361116752 | 
2440498829755939 | 
1864530144217692 | 
983207397691437 | 
1626969041749624 | 
1712849603042673 | 
1615412272890826 | 
27033593146300747 | 
1707340626958140 | 
1024603496807759 | 
2071980477065204 | 
857255650763175 | 
1002588582113106 | 
1481153776928976 | 
26834267046200653 | 
892667113734165 | 
1619649535772083 | 
1485609766018233 | 
861028210388327 | 
2344259156102769 | 
1290833366506613 | 
2451407002032641 | 
995995232902736 | 
2441246059635602 | 
2012547986297159 | 
2840806002952347 | 
1243860251161207 | 
1519421053147150 | 
1021884770183252 | 
1018866080609713 | 
1012579447974291 | 
1752945735670510 | 
1378649927617355 | 
1642673190144728 | 
2389964514835588 | 
960338543431206 | 
1919594398731037 | 
4390208997882234 | 
1677741546887284 | 
1005876022379498 | 
1932975377422765 | 
26615004578201151 | 
1651837799477263 | 
1515723020103492 | 
1613355976418403 | 
1733151188033879 | 
